HARPNUM NOAA_Number Class Peak_Time USFLUX MEANGBT MEANJZH MEANPOT SHRGT45 TOTUSJH MEANGBH MEANALP MEANGAM MEANGBZ MEANJZD TOTUSJZ SAVNCPP TOTPOT MEANSHR AREA_ACR R_VALUE ABSNJZH
8 11069 M1.2 2010.05.04_17:19_TAI 4.449269e+21 135.195 -0.04832249 9042.597 16.629 578.638 80.932 -0.07553489 37.238 156.727 -0.58707803 7.65943e+12 8.938259e+12 5.892802e+22 29.87 171.006271 4.072 237.118
49 11079 M1.0 2010.06.12_05:39_TAI 1.486036e+21 126.492 -0.00718197 5160.053 0.867 108.345 55.345 -0.00801632 24.466 132.485 -1.20177364 1.2109e+12 8.275082e+11 8.696179e+21 18.178 48.475544 3.192 9.114
115 11093 M1.0 2010.08.06_18:24_TAI 1.182141e+22 91.151 -0.01023015 10387.6 24.226 692.913 42.381 -0.01814705 37.119 93.933 -0.10954364 1.050618e+13 1.335246e+12 2.027204e+23 31.859 470.634491 3.818 150.332
211 11112 M2.9 2010.10.15_19:12_TAI 7.07632e+21 138.784 0.00260818 4582.969 9.572 568.726 69.917 0.00590971 34.312 143.935 1.40421236 9.576594e+12 6.701471e+12 5.55748e+22 25.423 703.612671 3.707 23.81
345 11149 M1.3 2011.01.27_01:03_TAI 1.96808e+22 57.665 0.0044152 6456.933 25.006 923.627 31.214 0.01203929 42.143 64.09 -0.27959716 1.691262e+13 8.398651e+12 2.700811e+23 30.612 515.142334 4.015 139.057
362 11153 M1.9 2011.02.08_01:31_TAI 1.098159e+22 79.412 -0.00207717 2954.804 13.675 577.683 38.162 -0.00651378 34.632 84.201 -0.09924616 1.24527e+13 1.576566e+12 7.062221e+22 28.183 240.660339 3.782 37.381
377 11158 M6.6 2011.02.12_17:38_TAI 5.881154e+21 110.985 -0.00070334 4376.574 38.869 537.13 72.481 -0.00248087 55.626 107.425 0.09912285 1.354661e+13 6.266762e+11 7.171777e+22 43.032 302.56897 3.473 8.679
377 11158 M2.2 2011.02.13_17:26_TAI 1.922852e+22 100.257 0.02140509 12845.72 56.699 2668.096 76.038 0.0513801 60.932 106.868 0.02259646 4.842856e+13 1.990112e+13 5.845842e+23 51.433 837.608398 4.803 733.488
384 11161 M1.1 2011.02.15_07:44_TAI 1.249139e+22 105.688 -0.00725763 3359.431 16.475 930.09 52.487 -0.02060507 37.947 110.123 -0.19215311 1.907098e+13 4.950323e+12 8.866284e+22 30.458 356.131836 4.172 144.231
377 11158 M1.6 2011.02.15_14:25_TAI 2.696237e+22 88.872 0.02112242 13340.8 58.246 3094.431 63.498 0.05024914 59.021 95.08 0.15063411 5.719298e+13 2.964132e+13 8.398648e+23 51.777 1096.292847 4.861 1001.287
377 11158 M6.6 2011.02.17_10:11_TAI 3.281056e+22 97.913 0.01707984 9756.794 39.6 3144.613 59.744 0.03685337 49.241 106.698 -0.02130954 5.891677e+13 2.974461e+13 6.560876e+23 42.407 1103.533447 4.972 864.753
384 11162 M1.0 2011.02.17_10:26_TAI 1.585064e+22 103.022 -0.00599469 7661.929 40.097 1347.631 60.568 -0.01635998 51.026 102.559 0.3575871 3.040495e+13 5.27462e+12 2.921657e+23 42.447 720.135925 4.018 172.114
377 11158 M1.4 2011.02.17_13:03_TAI 3.385615e+22 97.73 0.01374201 9806.895 37.902 3242.983 58.983 0.02949237 48.289 106.016 -0.01971286 5.829481e+13 2.653182e+13 6.729104e+23 41.47 1120.770874 5.027 709.995
384 11162 M1.0 2011.02.17_14:08_TAI 1.514567e+22 105.086 -0.00732057 8015.242 40.561 1318.121 61.592 -0.01967902 51.012 105.885 0.28574729 3.102222e+13 3.980536e+12 2.887559e+23 42.652 707.713928 4.055 198.585
384 11162 M1.3 2011.02.17_21:04_TAI 1.649649e+22 101.4 -0.00434301 6761.104 42.429 1366.395 58.952 -0.01306095 52.595 101.097 0.3663176 3.434321e+13 6.071823e+12 2.899065e+23 43.585 744.285461 3.665 140.218
393 11164 M1.1 2011.02.27_12:52_TAI 2.634481e+22 74.079 0.01285954 4375.255 14.828 1615.747 39.517 0.03724542 34.211 79.357 -0.14262953 3.177707e+13 2.51091e+13 2.349663e+23 28.223 597.53949 4.415 519.988
393 11164 M1.2 2011.03.06_05:13_TAI 5.693587e+22 98.303 0.00868506 10587.03 35.976 4703.476 56.248 0.01869764 45.776 106.762 -0.03036223 9.402801e+13 5.240897e+13 1.196679e+24 39.902 2068.188965 5.008 738.994
394 11165 M1.5 2011.03.06_07:54_TAI 3.126788e+22 94.326 -0.00629544 4796.396 22.027 2233.181 50.48 -0.01613283 39.517 101.714 -0.14272751 4.342794e+13 8.736306e+12 3.036177e+23 32.082 918.823975 4.561 300.072
393 11164 M1.4 2011.03.06_08:07_TAI 6.020203e+22 90.891 0.00688796 9753.147 33.616 4557.743 51.01 0.01607103 44.401 99.685 0.01943416 9.351087e+13 4.0771e+13 1.208181e+24 38.766 2116.946533 5.103 642.391
393 11164 M1.8 2011.03.06_09:20_TAI 5.690153e+22 94.973 0.00722766 10619.32 35.247 4427.353 54.153 0.01563461 45.159 104.498 -0.01012612 8.874617e+13 3.973919e+13 1.188778e+24 39.433 2114.205078 5.062 609.118
394 11165 M1.5 2011.03.06_21:50_TAI 4.589308e+22 83.29 0.00062341 5916.656 25.383 3219.611 46.979 0.0015206 41.002 95.012 -0.04423099 6.013384e+13 1.576138e+12 5.409867e+23 34.101 1281.49707 4.606 42.921
394 11165 M1.3 2011.03.07_02:29_TAI 4.827225e+22 80.115 0.00764372 6828.985 24.536 3453.203 46.953 0.0174632 40.971 93.458 -0.00538741 5.932958e+13 1.85237e+13 6.303634e+23 33.733 1376.02832 4.694 531.269
401 11166 M1.7 2011.03.08_11:07_TAI 3.062755e+22 89.44 0.00157765 11422.21 57.533 3005.14 64.335 0.00415461 60.074 93.768 0.22119564 6.616877e+13 6.7032e+12 8.868216e+23 51.867 1343.021606 4.849 92.229
401 11166 M1.7 2011.03.08_14:02_TAI 3.093701e+22 91.372 0.00092458 11800.67 57.424 3172.895 65.717 0.00237287 59.899 96.93 0.2103733 6.96777e+13 6.335499e+12 9.107985e+23 51.932 1364.176392 4.933 53.732
401 11166 X1.5 2011.03.08_23:23_TAI 3.169307e+22 100.747 -0.00362037 13918.64 55.653 3189.417 70.714 -0.00787461 58.445 106.981 0.35062268 6.841313e+13 1.214496e+13 9.73194e+23 50.523 1401.875 4.867 190.598
401 11166 M1.3 2011.03.11_04:43_TAI 3.998426e+22 95.814 0.00150913 12964.11 51.587 3642.808 63.133 0.00324813 54.706 103.599 0.14780775 7.421e+13 4.875139e+12 1.093774e+24 48.308 1596.190918 4.931 95.872
407 11169 M4.2 2011.03.13_19:52_TAI 2.470095e+22 103.061 -0.01777749 7538.316 28.757 1980.134 53.401 -0.04546132 43.111 107.457 -0.07319506 3.945545e+13 2.868996e+13 3.963841e+23 36.394 916.404297 4.557 703.846
407 11169 M1.0 2011.03.14_00:22_TAI 2.563753e+22 96.948 -0.01693883 7390.57 24.387 1990.28 49.8 -0.04423522 40.576 102.646 0.06108308 3.825403e+13 2.885282e+13 4.032004e+23 33.67 865.086426 4.405 695.83
437 11176 M1.0 2011.03.24_23:22_TAI 5.773513e+22 89.416 0.00371556 5568.178 23.805 3452.234 43.194 0.01080907 40.124 94.062 0.10441735 7.781126e+13 5.828193e+12 7.142551e+23 33.562 1498.546875 4.56 358.868
495 11190 M1.3 2011.04.14_17:12_TAI 2.726968e+22 117.301 -0.00773852 6595.277 35.361 2967.823 70.094 -0.02311371 49.518 122.064 0.08258814 6.276859e+13 1.348667e+13 4.27772e+23 40.375 1565.772339 4.772 377.942
514 11195 M1.8 2011.04.21_04:57_TAI 4.983406e+22 90.448 0.00477382 3582.813 15.418 2875.398 41.955 0.01417028 34.978 96.217 0.16145888 5.99648e+13 1.754362e+13 3.69688e+23 28.668 1319.255005 4.389 370.888
514 11195 M1.2 2011.04.21_15:53_TAI 5.592717e+22 86.749 0.00435001 2947.845 15.919 3216.335 40.583 0.01539075 36.36 89.354 0.08593605 7.291705e+13 1.988958e+13 3.817937e+23 28.888 1467.906982 4.496 424.226
746 11260 M1.1 2011.07.26_16:07_TAI 1.59137e+22 100.669 0.01212055 4893.722 19.745 1443.984 52.124 0.03281908 37.753 108.03 -0.18867645 2.671203e+13 1.31842e+13 1.597994e+23 32.229 473.508453 4.376 298.02
750 11261 M9.3 2011.07.29_02:09_TAI 2.547465e+22 90.047 0.00199996 7013.594 31.07 1844.63 49.865 0.00526799 44.011 96.581 0.08466963 3.928003e+13 1.882163e+12 3.817213e+23 37.978 786.619995 4.51 81.96
750 11261 M1.4 2011.08.01_06:19_TAI 2.493467e+22 104.787 -0.00050631 10128.16 44.963 3392.425 70.526 -0.0014893 55.596 110.51 0.17412351 6.724817e+13 4.50716e+12 6.421202e+23 45.475 1322.17334 4.878 24.168
750 11261 M1.1 2011.08.02_03:37_TAI 2.175976e+22 107.368 0.02855355 11703.25 46.42 2900.207 73.892 0.07473892 55.675 113.341 0.08022054 5.099947e+13 4.315814e+13 5.970162e+23 45.406 1281.524658 4.735 1096.799
753 11263 M1.7 2011.08.02_04:32_TAI 2.930275e+22 80.624 0.0159645 19419.41 61.718 2562.688 58.397 0.02722074 61.079 89.9 0.04043592 5.198313e+13 2.760699e+13 1.182232e+24 53.844 1080.530151 4.794 731.796
753 11263 M2.5 2011.08.08_03:54_TAI 3.913208e+22 80.435 0.01496147 9891.792 36.032 2659.471 46.868 0.03267059 46.34 87.03 0.02582807 5.23091e+13 3.72313e+13 7.733862e+23 40.931 1135.402588 4.523 880.812
753 11263 X6.9 2011.08.08_08:05_TAI 3.949014e+22 73.5 0.01312117 8937.883 34.063 2367.658 41.913 0.03123316 45.356 78.737 0.02875213 4.69041e+13 3.57082e+13 7.365159e+23 39.751 1098.364502 4.516 814.116
814 11286 M3.2 2011.09.03_11:45_TAI 2.057974e+22 102.797 -0.00189855 3671.224 17.868 1176.327 46.348 -0.00679072 37.971 101.325 0.06207413 2.934949e+13 1.24777e+12 1.830428e+23 30.839 781.244934 3.756 71.275
814 11286 M1.6 2011.09.04_04:28_TAI 2.07125e+22 101.402 -0.0031972 3939.139 13.443 1117.03 43.042 -0.009571 33.725 101.014 -0.11911713 2.50398e+13 3.435266e+12 1.729328e+23 27.852 632.887329 3.821 105.677
814 11286 M1.2 2011.09.04_07:58_TAI 2.151381e+22 93.702 -0.00254674 3671.054 12.547 1114.672 38.316 -0.00808947 32.772 94.042 -0.05568312 2.499531e+13 2.265555e+12 1.71158e+23 27.071 594.340637 3.799 89.406
833 11283 M5.3 2011.09.05_01:50_TAI 2.27548e+22 108.265 -0.00133106 6525.299 40.003 2081.375 65.939 -0.00451624 52.226 108.206 0.31615111 4.781465e+13 7.499288e+12 3.842627e+23 42.319 1444.330688 4.18 59.021
833 11283 X2.1 2011.09.05_22:20_TAI 1.96011e+22 104.029 0.00484456 7019.133 42.096 1884.057 65.792 0.01690842 54.395 104.314 0.25686935 4.325858e+13 9.35523e+12 3.712189e+23 43.832 1386.162476 4.405 192.906
833 11283 M1.2 2011.09.08_12:49_TAI 2.202301e+22 99.927 0.00606686 5679.175 29.497 1664.149 50.044 0.02193646 43.765 102.167 0.11545154 4.278588e+13 8.718336e+12 3.229418e+23 37.363 1020.22345 4.503 259.746
833 11283 M1.1 2011.09.09_07:40_TAI 3.0177e+22 96.219 0.005609 5685.796 21.943 2206.992 46.24 0.01701169 38.583 102.805 0.02357626 4.873004e+13 1.473497e+13 3.824501e+23 33.773 1045.84436 4.523 284.068
856 11295 M1.6 2011.09.22_01:59_TAI 5.692905e+22 98.471 0.00347017 4825.076 23.67 3885.448 47.272 0.0110656 39.452 101.944 0.03288315 9.027719e+13 1.513187e+13 6.318463e+23 34.266 2043.726807 4.561 342.169
856 11295 M1.6 2011.09.22_22:15_TAI 6.410936e+22 88.422 0.00386386 4961.141 18.706 3757.103 41.282 0.01105863 36.232 93.436 -0.04200354 7.968981e+13 1.308108e+13 6.672819e+23 31.293 1842.943848 4.664 391.316
892 11302 M7.1 2011.09.23_13:20_TAI 6.362531e+22 64.757 -0.00863482 13003.35 37.865 4633.63 42.457 -0.01615668 46.889 77.488 0.00992998 7.453667e+13 2.030668e+13 1.534906e+24 41.395 1952.906494 4.734 767.471
856 11295 M1.7 2011.09.23_16:59_TAI 7.042276e+22 74.63 0.00125951 6479.476 20.853 3744.352 36.827 0.00309235 36.52 82.261 -0.0599687 6.749695e+13 9.194313e+12 8.705625e+23 30.632 1898.400269 4.643 127.421
892 11302 M3.1 2011.09.23_17:25_TAI 6.422736e+22 69.786 -0.00567599 13657.85 38.494 4981.326 45.895 -0.00993897 46.93 81.922 0.07621145 8.057844e+13 7.387503e+12 1.588437e+24 41.732 1944.554321 4.821 497.041
892 11302 M3.0 2011.09.23_19:21_TAI 6.42261e+22 70.763 -0.00547463 13972.19 39.541 5176.428 46.256 -0.00951464 47.66 82.81 0.09937092 8.11446e+13 7.325251e+12 1.649545e+24 41.858 1929.158325 4.879 486.656
892 11302 M5.8 2011.09.23_20:36_TAI 6.113208e+22 73.03 -0.00994061 16451.81 42.032 4938.852 48.648 -0.0171051 48.596 86.24 0.05651997 8.090979e+13 1.35232e+13 1.826423e+24 43.14 1931.594238 4.877 830.946
892 11302 M4.4 2011.09.24_02:33_TAI 6.32517e+22 75.753 -0.01156281 16342.98 41.631 5322.797 49.084 -0.01970278 48.822 89.884 0.08630764 8.855749e+13 2.026279e+13 1.898748e+24 42.922 1947.435059 4.898 1011.503
892 11302 M7.4 2011.09.24_04:50_TAI 5.992547e+22 78.623 -0.01181853 17541.26 41.665 5291.53 51.398 -0.01929872 48.766 93.238 0.04959757 8.589818e+13 2.193212e+13 1.867116e+24 42.986 1942.631958 4.945 947.219
892 11302 M3.1 2011.09.24_08:49_TAI 5.619301e+22 77.44 -0.0043581 17942.22 44.161 5283.075 51.712 -0.00744126 50.116 93.249 0.05512072 8.579739e+13 5.999849e+12 1.829494e+24 44.195 1899.690552 4.921 334.602
892 11302 M3.7 2011.09.24_15:33_TAI 5.469613e+22 76.019 -0.00488012 17483.81 45.848 5109.388 50.774 -0.0088384 50.895 91.137 0.03607413 8.622076e+13 1.091718e+13 1.811568e+24 45.381 1908.942871 4.971 380.747
899 11303 M2.2 2011.09.24_16:58_TAI 7.933051e+21 90.834 -0.00824956 5320.33 23.41 604.139 50.645 -0.02026665 42.93 103.652 -0.20951498 1.163464e+13 1.390684e+12 8.641273e+22 33.423 118.25827 3.57 100.884
892 11302 M4.0 2011.09.25_05:08_TAI 5.355437e+22 84.726 -0.00803906 19544.82 48.566 5671.832 55.148 -0.01225743 51.925 99.048 0.13372317 8.416286e+13 1.921828e+13 1.872105e+24 46.424 1809.962891 5.13 579.809
892 11302 M2.6 2011.09.25_14:46_TAI 4.899913e+22 81.978 -0.0059772 18442.0 51.57 5307.525 55.812 -0.01064995 53.792 93.348 0.14873804 8.432024e+13 1.79545e+13 1.762013e+24 48.333 1821.53833 5.152 429.999
892 11302 M1.2 2011.09.27_13:28_TAI 3.931496e+22 79.424 -0.00552456 18040.51 61.095 3677.712 58.116 -0.01098146 61.06 87.719 0.27131569 7.289724e+13 1.021025e+13 1.56924e+24 53.813 1907.038086 4.915 361.836
902 11305 M1.0 2011.09.29_19:06_TAI 9.640016e+21 95.57 -0.01176608 11757.76 51.307 888.04 60.396 -0.02854551 57.869 95.594 0.28894952 2.046917e+13 8.702267e+12 2.843772e+23 48.928 479.951324 3.761 214.284
902 11305 M3.9 2011.10.01_00:50_TAI 1.039067e+22 96.445 -0.0261536 13969.57 54.497 1073.162 65.091 -0.05782404 61.605 96.256 0.38523424 2.284871e+13 2.13017e+13 3.694301e+23 50.554 596.812256 4.228 520.77
892 11302 M1.3 2011.10.01_17:23_TAI 3.928816e+22 91.414 -0.01254783 11115.18 41.303 2996.875 52.293 -0.0266321 49.366 95.953 0.12047285 6.226616e+13 3.323528e+13 9.117118e+23 42.809 1571.734619 4.646 774.979
940 11319 M1.3 2011.10.20_13:00_TAI 7.612103e+22 76.737 -0.00090533 5013.263 18.688 3421.399 33.865 -0.00283183 36.746 79.172 0.04495918 7.917134e+13 5.284615e+12 8.668968e+23 30.219 2073.495361 4.501 117.878
940 11314 M1.3 2011.10.21_11:10_TAI 6.738001e+22 63.795 -0.00150556 5748.075 20.017 2696.022 30.526 -0.00438706 37.683 68.411 0.04593207 5.617084e+13 5.226402e+12 8.389968e+23 29.497 1666.92334 4.506 165.467
1028 11339 M1.0 2011.11.03_20:40_TAI 8.444332e+22 72.424 -0.0013413 12417.4 37.801 5695.781 45.564 -0.0025688 46.098 83.482 -0.02667546 1.019497e+14 3.294812e+12 1.915957e+24 40.565 2569.760742 4.977 155.829
1028 11339 M3.7 2011.11.04_03:35_TAI 8.310847e+22 75.907 -0.00020461 12231.91 37.506 5748.408 46.347 -0.00038815 45.779 86.19 -0.01051962 1.008982e+14 6.187872e+11 1.845686e+24 40.499 2652.738037 4.975 23.247
1028 11339 M1.1 2011.11.04_11:21_TAI 8.061574e+22 74.531 -0.00042322 11193.56 36.896 5606.214 45.015 -0.00090441 45.858 84.995 -0.02594888 1.032717e+14 8.330338e+12 1.744634e+24 40.565 2714.874023 5.029 49.669
1028 11339 M1.8 2011.11.04_20:38_TAI 8.29885e+22 83.651 -0.00116566 11792.68 37.423 6148.942 49.506 -0.00232505 46.011 93.716 0.02608811 1.148393e+14 3.323885e+12 1.836793e+24 40.964 2813.589844 5.12 136.708
1028 11339 M1.2 2011.11.05_01:03_TAI 8.472279e+22 82.109 -0.00104592 11148.7 38.3 6053.082 48.455 -0.00224201 46.672 91.135 0.02013253 1.178585e+14 4.978396e+12 1.878537e+24 41.631 2838.06543 5.138 132.696
1028 11339 M1.4 2011.11.05_06:35_TAI 7.862209e+22 82.295 -0.00108287 11001.48 39.803 5834.367 49.45 -0.00248651 48.012 90.828 0.07269865 1.182425e+14 7.294764e+12 1.802622e+24 42.539 2838.521973 5.138 133.6
1041 11342 M1.1 2011.11.08_13:35_TAI 4.01261e+22 89.517 0.00095265 5191.978 23.802 2565.447 42.752 0.00304988 39.668 91.132 0.03683924 6.126637e+13 3.48057e+12 4.802835e+23 34.265 1352.241943 4.191 66.353
1066 11346 M1.9 2011.11.14_12:43_TAI 2.461717e+22 94.541 0.00393811 3598.469 11.659 1338.549 40.348 0.01249618 33.055 97.313 0.14474551 3.004176e+13 6.959031e+12 1.888441e+23 26.495 680.660095 4.079 155.614
1209 11387 M1.5 2011.12.25_02:27_TAI 3.677181e+21 123.223 0.00332162 3031.315 28.187 346.118 65.489 0.01299297 47.871 122.237 0.26166794 8.52055e+12 2.462219e+12 3.03499e+22 36.493 202.226044 3.224 25.038
1209 11387 M2.3 2011.12.25_20:30_TAI 9.218676e+21 115.117 0.02568825 8406.541 40.818 1405.997 74.058 0.0723488 51.905 124.479 0.10649417 2.518827e+13 1.95024e+13 1.888881e+23 43.618 355.334747 4.401 434.62
1256 11389 M1.2 2011.12.29_03:09_TAI 6.940578e+22 76.111 0.00243398 5211.059 19.512 3558.924 34.995 0.00688553 35.695 85.181 -0.04504848 7.44423e+13 9.142099e+12 7.552288e+23 30.213 1743.220459 0.0 265.604
1256 11389 M2.4 2011.12.30_13:15_TAI 6.290718e+22 89.953 0.00300409 5619.266 21.757 4030.386 43.336 0.00858723 38.232 93.217 -0.10155504 9.017031e+13 1.702091e+13 7.646138e+23 33.124 2069.264893 4.654 307.781
1256 11389 M1.5 2011.12.30_16:26_TAI 6.525096e+22 87.428 0.00223854 5106.508 23.069 3996.915 41.882 0.0071961 39.41 90.118 -0.04330122 9.632892e+13 1.177426e+13 7.856564e+23 33.982 2061.943359 4.633 259.331
1321 11401 M1.0 2012.01.16_04:53_TAI 8.585639e+22 61.705 -0.00648891 8157.333 28.979 4269.887 37.337 -0.0142655 42.325 69.739 0.00198389 7.89578e+13 2.840118e+13 1.328541e+24 35.453 2156.873779 0.0 795.747
1350 11410 M1.0 2012.02.05_20:00_TAI 2.989834e+22 83.043 -0.00015572 4425.488 17.294 1544.95 35.734 -0.00050354 36.0 87.2 -0.1256679 3.656702e+13 5.229244e+12 3.003153e+23 29.925 696.774658 4.122 7.957
1449 11429 M2.1 2012.03.04_19:16_TAI 4.402456e+22 77.259 -0.01824893 12420.26 39.492 3211.511 50.923 -0.03201709 48.973 90.694 0.0494459 5.578504e+13 4.317304e+13 9.66735e+23 43.35 1324.382446 4.826 1069.497
1449 11429 M1.8 2012.03.04_19:30_TAI 4.481996e+22 77.282 -0.01865742 12066.98 38.531 3320.802 51.261 -0.03177444 48.311 90.013 0.07932483 5.641877e+13 4.297886e+13 9.347184e+23 42.866 1328.875977 4.839 1088.194
1449 11429 M1.3 2012.03.04_22:34_TAI 4.697775e+22 78.488 -0.02010728 13115.92 40.115 3571.854 52.005 -0.03583089 48.945 91.939 0.01309422 6.089206e+13 4.734364e+13 1.107993e+24 43.246 1379.710815 4.879 1278.944
1449 11429 M1.3 2012.03.05_00:28_TAI 4.881734e+22 80.355 -0.02287007 13006.38 39.742 4027.111 54.105 -0.03886739 48.821 96.153 -0.03938779 6.591608e+13 5.2865e+13 1.113905e+24 43.255 1422.027832 4.905 1474.822
1449 11429 M1.2 2012.03.05_01:44_TAI 4.917023e+22 80.911 -0.02384039 13602.04 40.331 4160.7 54.557 -0.04078092 49.272 96.483 0.00813966 6.798012e+13 5.572838e+13 1.18432e+24 43.434 1460.973755 4.923 1563.0
1449 11429 M1.0 2012.03.05_04:05_TAI 4.982554e+22 81.298 -0.02267543 13461.38 40.834 4389.073 54.756 -0.04027428 49.803 97.405 -0.03148611 7.272356e+13 5.604348e+13 1.224059e+24 44.003 1499.648071 5.006 1552.564
1449 11429 M1.0 2012.03.05_07:55_TAI 5.036531e+22 82.389 -0.02349708 13786.05 41.246 4373.3 55.001 -0.04049674 49.95 97.177 -0.06516133 7.262253e+13 5.539859e+13 1.244337e+24 44.361 1563.955444 5.01 1596.956
1449 11429 M2.1 2012.03.05_12:41_TAI 4.922632e+22 81.94 -0.02413555 14631.29 41.753 4341.768 57.09 -0.03989685 49.739 97.849 0.02697377 7.056582e+13 5.531733e+13 1.249685e+24 44.356 1552.681885 4.95 1552.23
1449 11429 M1.0 2012.03.05_22:53_TAI 5.475894e+22 84.474 -0.02976453 15901.82 45.298 5112.459 56.485 -0.05019824 50.881 100.633 0.00087835 8.196335e+13 8.04107e+13 1.562438e+24 45.757 1696.176147 5.14 2202.099
1461 11432 M2.8 2012.03.13_15:21_TAI 1.197181e+22 116.374 0.00327314 2776.308 25.402 1108.328 60.913 0.01412354 43.656 113.345 0.15395635 2.855292e+13 2.542427e+12 9.074595e+22 35.776 642.784607 3.787 80.555
1464 11434 M1.3 2012.03.16_20:39_TAI 3.274438e+21 128.643 -0.0016309 3701.861 20.303 240.822 70.697 -0.00534384 44.096 125.777 0.47819659 5.831525e+12 1.460085e+12 2.883864e+22 30.638 241.32724 1.791 9.567
1603 11466 M1.0 2012.04.26_08:24_TAI 1.136075e+22 107.953 -0.00180737 6825.826 41.724 954.167 68.454 -0.00486292 53.896 106.461 0.14861058 2.163352e+13 1.606392e+12 1.838473e+23 42.484 640.428589 3.502 36.653
1621 11471 M1.9 2012.05.06_14:31_TAI 2.17798e+22 104.543 0.00527545 6605.0 29.653 1493.866 52.752 0.01501432 44.876 105.649 0.01651699 3.571096e+13 5.590391e+12 3.358083e+23 37.243 1043.385986 3.982 201.96
1638 11476 M1.4 2012.05.07_13:08_TAI 6.083389e+22 79.571 -0.01239874 10863.74 35.484 4658.708 49.893 -0.02494086 45.548 91.354 -0.14299995 8.324143e+13 4.00595e+13 1.217583e+24 39.261 2070.157715 4.893 1046.342
1638 11476 M4.7 2012.05.08_12:32_TAI 5.573628e+22 88.993 -0.00920736 12289.54 39.69 4709.273 55.158 -0.01974344 48.638 97.167 -0.03140248 9.139625e+13 3.05177e+13 1.365175e+24 42.278 2101.604492 5.036 770.113
1638 11476 M1.8 2012.05.08_14:08_TAI 5.714053e+22 89.366 -0.00909946 11892.7 39.946 4888.023 55.131 -0.02035301 48.792 97.063 0.01009613 9.788475e+13 3.288657e+13 1.396051e+24 42.441 2103.246338 4.998 804.283
1638 11476 M4.1 2012.05.08_21:05_TAI 6.00078e+22 92.637 -0.016276 13037.78 40.332 5357.041 56.936 -0.03390463 48.572 101.136 -0.058216 9.956055e+13 6.260793e+13 1.55277e+24 41.985 2200.788086 5.012 1459.518
1638 11476 M5.7 2012.05.09_04:18_TAI 5.8782e+22 97.403 -0.01788066 14492.72 41.786 5813.714 60.303 -0.03465768 49.538 106.616 -0.03815136 1.048139e+14 6.005933e+13 1.655163e+24 43.111 2241.9021 5.014 1537.647
1638 11476 M1.7 2012.05.09_20:26_TAI 5.590338e+22 99.137 -0.01843425 15042.28 44.442 5949.772 62.386 -0.03727528 51.586 106.344 0.06421781 1.066769e+14 6.495437e+13 1.735985e+24 44.744 2265.826416 5.036 1601.937
1724 11494 M2.1 2012.06.05_20:06_TAI 1.219079e+22 91.816 -0.00885622 10015.16 47.026 915.825 54.774 -0.02376469 54.499 94.143 0.08275728 2.3335e+13 1.224366e+13 3.04304e+23 45.725 602.955261 3.95 202.604
1806 11513 M2.2 2012.06.28_09:20_TAI 1.869531e+22 89.761 -0.00837941 5169.494 24.114 1289.007 46.948 -0.02496021 40.798 95.129 0.07283451 2.934668e+13 1.601329e+13 2.194224e+23 34.346 447.584595 4.225 267.806
1806 11513 M1.0 2012.06.29_12:52_TAI 2.720371e+22 95.24 -0.00626911 4574.922 19.124 1803.788 45.451 -0.0194319 37.058 97.018 -0.13590291 4.133306e+13 1.129146e+13 2.747432e+23 31.611 804.453552 4.321 283.483
1806 11513 M1.6 2012.06.29_18:32_TAI 2.712265e+22 96.558 -0.00721398 4664.111 20.405 1824.732 45.316 -0.02377613 38.102 97.52 0.02411338 4.11488e+13 1.451446e+13 2.945689e+23 31.974 831.18219 4.256 343.068
1806 11513 M2.8 2012.06.30_19:18_TAI 2.168777e+22 108.059 -0.00850877 5688.427 26.086 1553.219 53.426 -0.02604811 42.12 107.636 0.18956822 3.691132e+13 1.57377e+13 2.845322e+23 35.226 1014.035095 4.179 320.457
1806 11513 M1.1 2012.07.01_00:35_TAI 2.618142e+22 100.618 -0.00598356 4860.302 29.994 1864.923 51.76 -0.0213742 45.062 100.91 0.09127312 4.841314e+13 1.489754e+13 3.307839e+23 37.726 1142.950562 4.297 306.622
1807 11515 M5.6 2012.07.01_10:52_TAI 3.247378e+22 92.983 -0.00521386 9628.741 47.366 2619.29 59.353 -0.01366195 54.204 96.121 0.00485424 6.395328e+13 1.214899e+13 7.603387e+23 46.866 1408.566406 4.694 310.011
1807 11515 M3.8 2012.07.01_20:07_TAI 3.346313e+22 99.679 -0.00854162 11462.89 47.786 3198.318 66.304 -0.01959408 54.266 106.706 -0.10066977 6.931192e+13 1.944491e+13 8.50933e+23 46.631 1514.467773 4.792 477.451
1807 11515 M2.3 2012.07.03_04:37_TAI 3.81577e+22 94.858 -0.00328894 9752.827 51.469 3632.69 63.675 -0.00908582 57.515 98.837 -0.12398452 8.436837e+13 1.629099e+13 9.493179e+23 48.842 1705.946899 4.916 241.053
1807 11515 M5.3 2012.07.03_09:55_TAI 3.864001e+22 98.084 -0.00429905 10519.42 52.011 3861.636 66.351 -0.01131211 57.832 100.874 -0.10393307 8.629175e+13 2.113389e+13 1.008388e+24 49.087 1771.978027 4.955 310.301
1807 11515 M2.3 2012.07.03_12:24_TAI 3.940169e+22 95.736 -0.00621097 10610.11 51.801 3970.244 65.181 -0.01681796 57.504 99.294 -0.0501263 8.826925e+13 2.578412e+13 1.047897e+24 49.096 1801.308228 4.924 461.879
1807 11515 M1.3 2012.07.03_14:40_TAI 4.044806e+22 96.452 -0.00648238 10845.71 51.528 4251.019 65.588 -0.01736581 57.529 100.377 -0.05817759 9.20251e+13 3.473463e+13 1.090279e+24 49.165 1835.372803 5.013 490.664
1806 11513 M1.8 2012.07.03_16:39_TAI 2.392735e+22 99.922 -0.00590507 8259.643 40.151 1896.832 60.024 -0.01611394 52.735 99.306 0.13221566 4.482199e+13 1.017029e+13 4.855286e+23 42.219 1611.0625 3.985 261.37
1807 11515 M4.6 2012.07.03_22:09_TAI 4.328548e+22 97.995 -0.00694165 10612.54 51.409 4549.057 65.88 -0.01788994 57.053 102.184 -0.06435419 9.724796e+13 2.412326e+13 1.118057e+24 48.884 1879.780396 4.946 550.653
1807 11515 M1.2 2012.07.03_23:55_TAI 4.328227e+22 102.399 -0.00684447 11023.34 51.137 4675.678 68.904 -0.01647148 56.874 107.061 -0.0778538 9.742411e+13 1.585612e+13 1.110874e+24 48.485 1873.176147 5.018 519.358
1807 11515 M2.4 2012.07.04_01:10_TAI 4.325098e+22 102.64 -0.00726343 11123.84 50.988 4754.381 69.597 -0.0171314 57.023 107.845 -0.10714747 9.80025e+13 1.535326e+13 1.109212e+24 48.521 1877.615601 5.033 545.345
1807 11515 M2.2 2012.07.04_02:42_TAI 4.3713e+22 102.061 -0.00663217 11137.24 50.702 4838.908 69.168 -0.01582163 56.649 107.44 -0.0917878 9.948085e+13 1.902699e+13 1.124763e+24 48.116 1882.099609 5.038 504.337
1807 11515 M4.7 2012.07.04_03:36_TAI 4.392794e+22 100.893 -0.00664692 10938.74 51.08 4748.041 68.075 -0.01631807 56.559 106.676 -0.11893778 1.002778e+14 2.009802e+13 1.128439e+24 48.405 1896.230713 5.103 516.293
1807 11515 M1.1 2012.07.04_06:58_TAI 4.529647e+22 99.976 -0.00686242 10602.88 49.855 4907.202 65.816 -0.01742199 55.592 106.932 -0.06378477 1.03911e+14 2.044431e+13 1.153833e+24 47.873 1916.788452 5.144 562.293
1807 11515 M1.8 2012.07.04_10:48_TAI 4.417017e+22 102.166 -0.00730391 11443.05 49.435 4932.735 68.238 -0.01748716 55.412 109.401 -0.16469373 9.981028e+13 1.174074e+13 1.158048e+24 47.645 1964.534058 5.12 556.573
1807 11515 M6.1 2012.07.04_11:44_TAI 4.47151e+22 101.317 -0.0084736 11440.41 48.826 4984.362 68.665 -0.02074981 55.355 108.24 -0.11234281 1.012683e+14 2.037824e+13 1.184263e+24 47.678 1967.09314 5.153 660.466
1807 11515 M1.2 2012.07.04_13:18_TAI 4.56795e+22 101.905 -0.00823602 11377.64 48.274 5167.284 68.747 -0.02039412 54.947 109.646 -0.11517706 1.034e+14 2.44174e+13 1.202561e+24 47.1 2018.394165 5.167 655.455
1807 11515 M1.6 2012.07.04_20:14_TAI 5.088096e+22 101.199 -0.00640475 11571.83 47.22 5919.268 65.996 -0.01523992 53.51 111.899 -0.05147732 1.119818e+14 1.228297e+13 1.333273e+24 46.301 2083.491211 5.227 555.638
1807 11515 M1.6 2012.07.04_21:45_TAI 5.102484e+22 104.127 -0.00396779 12337.91 46.732 6158.263 68.883 -0.00888155 53.115 114.614 -0.11270995 1.124873e+14 8.057742e+12 1.363912e+24 45.741 2088.731201 5.222 330.275
1807 11515 M2.9 2012.07.05_01:40_TAI 5.174737e+22 107.353 -0.00727403 12492.04 45.796 6238.867 69.957 -0.01518178 52.431 120.141 -0.13628872 1.128533e+14 2.059537e+13 1.338547e+24 45.082 2062.770752 5.188 586.869
1807 11515 M1.0 2012.07.05_02:51_TAI 5.227556e+22 108.225 -0.00706031 12543.97 44.596 6166.34 70.633 -0.01455197 51.961 120.451 -0.16971925 1.117401e+14 1.507789e+13 1.339813e+24 44.436 2088.598145 5.223 567.818
1807 11515 M1.5 2012.07.05_08:23_TAI 5.441325e+22 105.761 -0.00957408 11951.74 41.939 6037.876 66.341 -0.02045862 50.637 117.122 -0.059613 1.108545e+14 2.121113e+13 1.349062e+24 43.556 2157.718262 5.227 813.71
1807 11515 M1.8 2012.07.05_10:29_TAI 5.35584e+22 107.506 -0.01115966 12109.29 41.497 5986.97 68.711 -0.02305332 50.394 118.23 -0.09926095 1.088531e+14 2.129899e+13 1.313342e+24 43.244 2160.382568 5.181 911.332
1807 11515 M1.2 2012.07.05_13:30_TAI 5.5464e+22 105.885 -0.01259133 11698.83 39.702 6239.969 66.431 -0.02691266 49.395 116.923 -0.12956248 1.114507e+14 3.363575e+13 1.33077e+24 42.284 2223.464355 5.193 1078.486
1807 11515 M1.3 2012.07.05_18:55_TAI 6.162561e+22 101.807 -0.01053214 11596.81 37.291 6745.708 63.084 -0.02234328 47.972 114.544 -0.09267484 1.19974e+14 2.848826e+13 1.455957e+24 41.263 2249.925293 5.278 995.624
1807 11515 M1.2 2012.07.06_03:15_TAI 6.363935e+22 102.188 -0.01793475 12803.33 36.33 7064.521 64.398 -0.03406661 47.356 115.495 -0.11341453 1.188364e+14 5.143507e+13 1.553023e+24 40.579 2264.916992 5.195 1638.052
1807 11515 M2.6 2012.07.06_11:03_TAI 6.826386e+22 97.357 -0.0152512 12431.39 34.317 6829.646 58.712 -0.02874068 45.544 109.62 -0.12889358 1.147251e+14 5.157704e+13 1.575794e+24 39.111 2434.916748 5.241 1455.681
1807 11515 M1.3 2012.07.07_05:46_TAI 8.011478e+22 88.112 -0.01619984 11543.95 29.541 7109.465 53.038 -0.02952393 42.861 101.856 -0.13070454 1.115238e+14 6.092698e+13 1.63027e+24 36.314 2555.471191 5.101 1722.642
1807 11515 M1.1 2012.07.07_09:53_TAI 8.167209e+22 85.328 -0.01337884 11192.65 28.987 6771.522 51.094 -0.02475539 42.092 99.716 -0.08100823 1.090137e+14 4.722429e+13 1.605319e+24 36.019 2639.176758 5.081 1444.847
1807 11515 M1.4 2012.07.07_12:10_TAI 7.96357e+22 83.67 -0.01262952 10968.32 28.962 6455.663 50.036 -0.0237862 42.116 97.945 -0.15526113 1.041656e+14 4.099878e+13 1.544376e+24 35.958 2612.668213 5.018 1339.007
1807 11515 M6.9 2012.07.07_16:32_TAI 8.233542e+22 80.324 -0.01084391 10631.38 28.021 6341.835 47.765 -0.02048478 41.519 93.626 -0.1445154 1.015491e+14 4.072137e+13 1.543823e+24 35.588 2576.746582 4.963 1185.716
1834 11520 M1.1 2012.07.08_23:07_TAI 1.207106e+23 90.237 0.00968397 9920.303 32.907 8948.429 49.98 0.02217946 45.291 98.718 0.14115478 1.803991e+14 7.111464e+13 2.474349e+24 39.259 4251.106445 5.197 1818.717
1834 11520 M1.7 2012.07.09_05:14_TAI 1.156027e+23 93.809 0.01134604 10957.25 36.375 9183.478 53.134 0.02467853 46.922 102.688 0.166924 1.83282e+14 8.990678e+13 2.563299e+24 40.839 4476.945801 5.217 1998.572
1834 11520 M2.0 2012.07.09_06:27_TAI 1.137933e+23 94.414 0.01226075 10881.32 37.234 9126.673 53.308 0.0268575 47.338 102.964 0.11680858 1.833911e+14 9.832916e+13 2.527301e+24 41.207 4507.785645 5.23 2144.185
1834 11521 M1.0 2012.07.13_04:58_TAI 9.735147e+22 94.973 0.00544648 10300.71 42.175 7403.952 53.326 0.01384301 50.763 98.012 0.17375346 1.668225e+14 4.346303e+13 2.355334e+24 43.736 4308.319336 5.063 937.725
1879 11532 M2.3 2012.07.28_06:22_TAI 8.498481e+22 90.058 -0.00209676 5753.702 21.196 5024.133 43.124 -0.00552184 38.206 92.975 0.01771675 1.039036e+14 7.665977e+12 9.971729e+23 31.607 2878.032715 4.598 273.618
1879 11536 M1.1 2012.07.29_15:48_TAI 7.392859e+22 99.107 -0.00025992 6637.147 25.577 4943.511 48.69 -0.00074364 40.947 101.787 -0.01057846 1.130593e+14 7.027899e+11 1.080393e+24 34.707 3290.300781 4.773 31.858
1907 11540 M1.0 2012.08.10_12:20_TAI 4.851029e+22 100.186 -0.00207807 3083.123 14.914 2779.579 42.527 -0.00798597 34.85 100.009 0.03013598 6.746863e+13 2.302778e+12 3.598596e+23 28.533 1791.44812 4.308 182.633
1993 11560 M1.6 2012.09.05_04:13_TAI 1.950734e+22 99.886 -0.01149388 5015.613 25.838 1354.639 50.936 -0.03337786 41.484 104.294 -0.18867214 3.008125e+13 1.590948e+13 2.132239e+23 34.815 622.338623 4.331 367.919
1999 11564 M1.2 2012.09.08_22:36_TAI 5.161133e+22 102.979 -0.00016598 3479.973 18.09 3253.984 45.887 -0.00056673 36.46 105.102 -0.0675038 7.599763e+13 1.098666e+13 4.027089e+23 31.989 1923.113525 4.293 14.463
2040 11583 M1.3 2012.09.29_04:33_TAI 4.141573e+22 95.649 -0.00237827 3733.453 15.807 2606.848 43.996 -0.00764184 35.768 97.58 -0.16111401 5.805972e+13 7.296982e+12 3.453182e+23 29.651 1196.169067 4.307 165.63
2191 11613 M2.0 2012.11.11_23:28_TAI 1.176872e+22 78.021 0.00768813 7790.09 28.281 655.773 40.372 0.01747588 41.927 87.267 0.10687703 1.267994e+13 4.556181e+12 1.843686e+23 33.841 276.573334 4.088 136.733
2191 11613 M6.0 2012.11.12_02:04_TAI 1.247463e+22 80.763 0.00798378 7571.263 27.089 745.783 42.881 0.01842248 40.572 87.197 0.01576083 1.445288e+13 4.314886e+12 1.885207e+23 33.313 296.14389 4.01 149.688
2191 11613 M2.5 2012.11.12_05:50_TAI 1.373974e+22 86.045 0.01037967 6807.944 23.167 902.419 43.351 0.02544454 39.901 92.009 -0.05575399 1.738947e+13 6.869885e+12 1.909964e+23 30.922 326.912415 4.257 219.271
2191 11613 M2.8 2012.11.12_20:54_TAI 1.987907e+22 96.495 0.02555396 6666.916 21.285 1734.705 47.206 0.06451791 37.311 102.013 0.09360861 3.051524e+13 2.75454e+13 2.700103e+23 31.085 471.60788 4.364 779.242
2191 11613 M1.1 2012.11.13_04:04_TAI 1.938643e+22 101.265 0.02283379 6675.5 22.394 1690.464 48.301 0.06093415 37.559 107.354 0.10619564 3.140629e+13 2.54835e+13 2.707392e+23 31.436 535.365051 4.423 697.298
2220 11618 M1.6 2012.11.19_19:28_TAI 1.589784e+22 121.355 -0.00498566 4866.776 29.29 1603.357 69.298 -0.01433488 47.19 123.045 0.2547577 3.47708e+13 3.549011e+12 1.753879e+23 36.875 719.393494 4.199 135.291
2220 11618 M1.4 2012.11.20_06:56_TAI 1.737699e+22 110.129 -0.01163485 5840.821 37.701 2154.648 70.678 -0.03979835 52.126 111.417 0.13955328 4.532366e+13 1.272546e+13 2.674103e+23 41.68 888.004028 4.597 401.065
2220 11618 M1.6 2012.11.26_15:57_TAI 3.293399e+22 78.906 0.00035225 2876.191 11.7 1513.531 35.662 0.00109367 32.251 82.396 -0.08790231 3.21206e+13 2.318355e+12 1.967608e+23 25.313 587.663452 4.131 18.145
2227 11620 M1.0 2012.11.26_21:26_TAI 2.219987e+22 104.886 -0.00211576 9300.702 46.434 2252.531 66.944 -0.00523722 54.044 110.594 -0.06783197 4.816308e+13 1.335816e+12 4.750852e+23 45.83 898.638916 4.722 81.374
2227 11620 M2.2 2012.11.27_21:36_TAI 3.042784e+22 99.414 0.00338808 8247.434 38.84 2531.56 59.164 0.00807305 49.09 106.822 -0.16100435 5.304296e+13 1.147171e+13 5.332884e+23 42.044 1083.846191 4.695 164.959
2372 11654 M1.2 2013.01.10_09:11_TAI 6.014424e+22 74.129 0.00083903 10262.04 39.254 4106.484 45.183 0.00186916 48.452 85.756 -0.02516874 8.450206e+13 5.227011e+12 1.286443e+24 41.446 1737.654785 5.07 79.196
2372 11654 M1.0 2013.01.10_15:07_TAI 5.755975e+22 81.311 0.0006059 11216.07 39.753 4329.078 50.439 0.00123534 47.663 91.876 -0.09690796 8.629793e+13 5.100334e+12 1.262164e+24 41.881 1848.316162 4.981 51.341
2362 11652 M1.0 2013.01.12_00:50_TAI 2.628e+22 116.544 -0.00827851 4925.465 27.334 2384.646 61.438 -0.02841177 43.193 116.195 0.08878852 5.370846e+13 1.194534e+13 3.073661e+23 35.398 1575.37793 4.212 388.974
2362 11652 M1.7 2013.01.12_08:38_TAI 2.373439e+22 122.095 -0.011109 4721.589 24.472 2264.303 62.59 -0.03677161 41.66 122.212 0.07578741 5.139251e+13 1.448729e+13 2.577166e+23 33.804 1569.868774 4.213 456.558
2491 11675 M1.9 2013.02.16_15:50_TAI 1.043174e+21 119.115 0.00975131 2863.298 33.274 111.146 62.813 0.04065397 48.607 118.901 0.46471453 2.97766e+12 8.249026e+11 8.502583e+21 40.086 33.391842 2.575 21.804
2546 11692 M1.6 2013.03.20_22:04_TAI 4.349132e+22 69.833 -0.01035326 6054.787 18.971 2367.567 37.074 -0.02748813 37.931 79.226 0.04342642 4.521372e+13 2.771097e+13 5.377435e+23 30.562 1082.10144 4.164 692.364
2636 11718 M3.3 2013.04.11_20:38_TAI 2.616139e+22 96.665 -0.00221427 8801.849 41.5 2000.955 57.652 -0.00524614 49.127 103.732 -3.13e-06 4.201531e+13 2.731554e+12 4.770615e+23 43.05 944.347839 4.568 90.367
2673 11726 M1.0 2013.04.21_10:29_TAI 2.550828e+22 105.067 0.01628985 11131.19 51.159 3160.26 75.553 0.03922442 58.858 109.883 -0.11365727 6.295431e+13 2.261443e+13 6.770481e+23 48.652 1029.151855 4.935 746.01
2693 11731 M1.1 2013.05.01_05:10_TAI 2.798734e+22 106.475 0.00788042 6620.555 37.823 3160.796 66.868 0.02833941 51.586 109.704 0.15726463 6.876468e+13 2.038705e+13 4.892877e+23 41.366 1848.680298 4.763 438.522
2693 11731 M1.3 2013.05.02_16:55_TAI 3.052795e+22 111.395 0.00011248 3574.063 26.704 2622.882 56.201 0.000477 43.028 112.347 0.06600133 6.836783e+13 4.360516e+12 2.919106e+23 35.852 1686.58313 4.492 6.917
2748 11748 M1.3 2013.05.15_21:53_TAI 2.982269e+22 86.79 -0.01517247 5676.493 21.282 2017.186 46.097 -0.03688061 38.133 92.166 -0.06676991 3.810156e+13 2.555776e+13 3.307727e+23 31.502 817.57251 4.45 665.692
2748 11748 M3.2 2013.05.16_08:57_TAI 2.664881e+22 89.119 -0.01194834 5305.261 26.385 1903.925 47.055 -0.03551177 41.457 93.06 -0.06670851 4.169126e+13 2.484394e+13 3.155241e+23 34.736 795.950317 4.437 535.071
2809 11760 M1.0 2013.05.30_20:00_TAI 7.313004e+21 99.255 -0.00561912 2046.85 7.153 462.517 38.994 -0.01911901 28.812 102.203 -0.56616181 9.574741e+12 3.612455e+12 3.150247e+22 24.226 170.200424 3.553 65.114
2790 11762 M1.3 2013.06.04_08:57_TAI 3.150526e+22 98.612 0.01300396 7806.081 29.797 2442.625 49.808 0.03280706 42.525 105.058 -0.17237462 4.90726e+13 2.384678e+13 5.199274e+23 36.399 1099.826904 4.619 652.174
3048 11817 M1.5 2013.08.11_10:41_TAI 1.459251e+22 110.642 -0.00493695 4946.856 24.72 1324.158 59.301 -0.01453648 42.134 115.163 0.204137 2.870792e+13 2.963068e+12 1.641886e+23 35.211 552.71875 4.331 123.379
3056 11818 M3.3 2013.08.16_18:24_TAI 1.5495e+22 92.057 0.02907567 12752.83 51.239 1641.135 59.229 0.06664854 56.221 97.841 0.15169068 3.176269e+13 3.100678e+13 4.579245e+23 47.902 801.627441 4.452 786.119
3056 11818 M1.4 2013.08.16_19:33_TAI 1.573722e+22 91.46 0.02970199 12653.36 51.007 1723.929 58.485 0.06670746 55.664 98.21 0.42019209 3.274336e+13 3.136269e+13 4.581335e+23 47.817 799.585083 4.582 809.765
3263 11865 M1.7 2013.10.12_00:43_TAI 2.3711e+22 104.312 0.0139667 6120.135 24.339 1846.09 52.474 0.04255519 41.117 107.941 -0.06146815 3.850204e+13 2.918066e+13 3.283961e+23 33.954 880.184082 4.33 564.297
3263 11865 M1.8 2013.10.14_08:38_TAI 1.755694e+22 111.534 0.01282087 4974.183 27.769 1706.972 58.804 0.04566997 45.296 111.613 0.19710737 3.607473e+13 1.354795e+13 2.281823e+23 36.178 891.899719 4.258 442.858
3263 11865 M1.3 2013.10.14_23:36_TAI 1.732543e+22 123.893 0.0213773 5975.426 25.57 1808.726 63.154 0.06450654 43.136 126.147 0.06848366 3.452733e+13 2.162478e+13 2.388148e+23 34.61 903.439697 4.293 643.286
3258 11861 M1.2 2013.10.16_15:41_TAI 3.469892e+22 91.176 -0.00448553 8210.716 32.243 2443.0 49.355 -0.01010708 44.733 96.502 -0.20131709 4.903459e+13 5.620894e+12 5.828401e+23 37.913 1135.925171 4.58 239.756
3291 11875 M1.0 2013.10.21_00:22_TAI 2.61134e+22 103.434 -0.0020511 3801.825 26.762 2024.794 52.367 -0.00798426 43.791 104.236 0.05730667 5.084297e+13 1.52107e+12 2.570695e+23 36.32 1149.549072 4.228 104.428
3291 11875 M1.0 2013.10.21_15:20_TAI 2.664252e+22 104.653 -0.00801272 6355.938 35.371 2727.837 62.052 -0.0280538 48.825 107.377 0.0766759 6.456281e+13 1.354901e+13 4.369972e+23 40.748 1458.736694 4.712 414.827
3291 11875 M2.7 2013.10.22_20:53_TAI 3.219808e+22 101.556 -0.0042304 9200.475 46.973 3800.031 67.085 -0.01317617 56.571 107.188 0.17363268 8.098641e+13 1.541463e+13 7.924886e+23 46.668 1798.98645 4.898 274.375
3291 11875 M1.4 2013.10.22_23:43_TAI 3.27734e+22 103.995 -0.0058415 11170.43 49.467 4114.347 71.997 -0.01605433 57.665 110.483 0.16915154 8.145873e+13 2.126117e+13 9.150418e+23 47.678 1824.135254 4.867 360.309
3291 11875 M3.1 2013.10.23_00:08_TAI 3.295135e+22 103.535 -0.00557373 11404.43 49.933 4134.292 71.988 -0.01504535 57.74 110.165 0.13818315 8.111727e+13 2.474988e+13 9.31893e+23 47.876 1837.375854 4.85 342.929
3291 11875 M2.5 2013.10.23_10:09_TAI 3.669106e+22 102.84 -0.00250873 13045.51 49.284 4374.485 69.8 -0.0058955 56.703 108.796 0.38001361 8.730487e+13 1.813367e+13 1.116823e+24 47.38 2019.052979 4.936 161.711
3291 11875 M3.5 2013.10.23_10:33_TAI 3.641663e+22 103.187 -0.00251064 13318.46 49.706 4402.617 70.188 -0.00580732 56.778 108.972 0.35159326 8.707961e+13 1.675333e+13 1.120415e+24 47.475 2013.446777 4.982 159.024
3311 11882 M1.0 2013.10.25_19:53_TAI 1.997573e+22 82.292 -0.00971712 13341.15 34.042 2246.356 51.004 -0.01979773 45.264 100.621 0.03183401 3.157392e+13 1.076559e+13 5.078759e+23 38.299 533.493652 4.506 278.531
3291 11875 M3.5 2013.10.26_12:48_TAI 4.758633e+22 91.887 -0.01002248 9230.268 34.904 3411.01 49.866 -0.0251289 46.375 96.552 0.15897547 7.458569e+13 3.501654e+13 9.790017e+23 39.915 1838.830688 4.774 800.435
3295 11877 M1.4 2013.10.27_11:53_TAI 3.746545e+22 94.494 0.00647992 7318.75 35.197 2440.368 49.059 0.01928757 46.773 95.425 0.03585327 6.157352e+13 2.13873e+13 6.736672e+23 40.557 1717.238281 4.529 449.123
3291 11875 M2.8 2013.10.27_14:05_TAI 6.131373e+22 82.705 -0.00777502 9148.02 28.463 3732.605 43.218 -0.01836613 42.408 90.285 0.02943901 7.753753e+13 3.599502e+13 1.146402e+24 36.424 1898.348022 4.598 733.635
3311 11882 M2.7 2013.10.27_15:01_TAI 2.118857e+22 92.241 -0.01783102 13152.78 49.082 2427.452 64.193 -0.03540986 53.904 103.565 -0.06589366 4.358364e+13 1.490117e+13 5.668892e+23 47.606 778.499268 4.665 578.652
3311 11882 M4.4 2013.10.27_15:15_TAI 2.120836e+22 92.774 -0.01742227 13239.88 49.062 2398.762 63.998 -0.03425881 54.026 104.321 -0.10455449 4.369226e+13 1.460525e+13 5.680412e+23 47.669 782.204346 4.651 562.826
3291 11875 M1.5 2013.10.27_20:57_TAI 6.587854e+22 78.439 -0.00805914 9726.277 28.454 3949.909 41.764 -0.01786138 41.773 86.488 -0.01139923 7.898686e+13 3.641984e+13 1.255435e+24 36.447 1955.866821 4.381 783.268
3321 11884 M6.3 2013.10.31_19:53_TAI 3.634228e+22 96.239 0.00474979 8790.732 42.49 3306.059 55.97 0.01362676 51.011 99.593 0.06157223 7.47208e+13 1.155504e+13 7.752907e+23 43.603 1744.871704 4.588 315.419
3321 11884 M1.6 2013.11.01_22:21_TAI 3.173882e+22 99.376 0.0057029 8063.062 44.26 2850.067 59.359 0.01741672 53.197 99.886 0.10930205 6.424747e+13 1.509155e+13 6.561498e+23 44.391 1685.751465 4.44 349.445
3321 11884 M5.0 2013.11.02_05:22_TAI 2.867781e+22 104.55 0.00842025 8736.192 41.65 2718.343 60.82 0.02272852 51.665 107.036 0.14399926 5.918504e+13 1.442683e+13 5.949532e+23 43.194 1607.026367 4.485 431.782
3341 11890 M2.5 2013.11.04_08:18_TAI 6.999274e+22 75.201 0.00538125 9373.65 31.078 4606.029 43.941 0.01162965 43.0 84.8 -0.14855587 8.782561e+13 1.72467e+13 1.245347e+24 37.218 2183.89917 4.815 538.329
3341 11890 X3.3 2013.11.04_22:12_TAI 7.42481e+22 83.179 0.00923139 10297.19 33.624 5564.598 48.433 0.01984761 44.328 92.555 -0.06977245 1.041883e+14 3.305574e+13 1.479101e+24 38.927 2338.015625 5.039 998.44
3341 11890 M3.8 2013.11.05_13:46_TAI 6.433005e+22 90.18 0.0118463 10703.59 34.929 5568.691 53.186 0.02663513 45.436 97.153 -0.17053886 1.036901e+14 3.688042e+13 1.375897e+24 40.045 2489.069092 5.008 1146.615
3341 11890 M2.3 2013.11.06_03:40_TAI 6.013799e+22 98.057 0.01033712 11458.73 38.943 5672.128 58.183 0.02207041 47.56 105.735 -0.13224129 1.069387e+14 1.748512e+13 1.364328e+24 41.782 2477.682129 5.019 926.754
3341 11890 M2.4 2013.11.06_14:25_TAI 5.440047e+22 95.863 0.01107847 10735.94 42.496 5236.818 58.526 0.02730992 50.191 101.785 -0.07150545 1.080935e+14 3.132127e+13 1.273892e+24 43.897 2422.064209 4.961 989.817
3344 11891 M2.3 2013.11.07_09:28_TAI 6.928935e+21 109.741 0.02207863 7782.875 39.619 835.871 74.259 0.06229154 53.03 116.057 -0.09392605 1.615741e+13 1.052366e+13 1.280424e+23 41.993 305.427887 4.225 273.51
3376 11899 M1.0 2013.11.14_02:29_TAI 5.078348e+22 66.369 -0.00313704 12760.21 30.88 2722.357 35.835 -0.00635327 42.467 70.846 0.02473374 5.214342e+13 9.684596e+12 1.264537e+24 36.572 1209.313477 4.346 234.073
3364 11900 M1.2 2013.11.15_04:53_TAI 2.257072e+22 102.97 -0.00519986 9111.009 47.174 2424.235 66.653 -0.01340435 55.061 105.091 0.17589226 4.916286e+13 1.234535e+13 4.9844e+23 45.963 1012.152771 4.446 214.187
3364 11900 M1.6 2013.11.15_07:49_TAI 2.1968e+22 111.551 -0.00219081 9813.479 45.688 2326.998 72.297 -0.00521972 54.235 112.631 0.0534235 4.648216e+13 3.674798e+12 4.888448e+23 45.052 1045.884277 4.582 82.171
3364 11900 M1.0 2013.11.16_05:10_TAI 2.907031e+22 106.46 0.00100805 8188.277 39.661 2730.361 61.501 0.00276994 50.591 109.302 0.05669066 5.854634e+13 2.080574e+12 5.68796e+23 42.769 1198.16626 4.824 52.725
3376 11904 M1.1 2013.11.22_02:32_TAI 4.685369e+22 92.193 -0.00690192 14987.98 35.123 3296.82 47.192 -0.01269313 46.073 95.326 -0.09165645 6.731739e+13 9.618169e+12 1.432919e+24 40.132 1874.664429 4.221 496.855
3376 11904 M1.0 2013.11.22_12:57_TAI 5.421321e+22 88.829 -0.00554374 12478.09 29.505 3683.614 43.724 -0.01144716 42.814 93.1 -0.14375918 7.439116e+13 1.438593e+13 1.405956e+24 37.109 1969.982544 4.331 470.314
3437 11909 M1.2 2013.12.06_07:29_TAI 1.706652e+22 107.28 0.00017123 4903.066 23.499 1061.312 50.987 0.00051635 40.248 107.588 -0.11576606 2.556997e+13 2.312974e+12 1.905848e+23 34.19 675.293823 3.835 5.012
3497 11928 M1.9 2013.12.21_08:11_TAI 4.200249e+22 100.781 0.0049527 7557.203 32.031 3214.241 53.984 0.01204546 44.407 104.894 0.06500685 6.774983e+13 2.033078e+13 6.713782e+23 37.43 1477.576904 4.727 331.306
3497 11928 M1.1 2013.12.21_08:37_TAI 4.159303e+22 101.998 0.00549213 7757.803 31.126 3212.485 55.061 0.01288447 44.118 106.704 0.05098388 6.637841e+13 2.10786e+13 6.657813e+23 36.996 1487.399902 4.77 354.913
3520 11934 M1.6 2013.12.21_14:38_TAI 4.484606e+22 85.965 -0.0004938 5684.855 21.246 2664.547 40.596 -0.00139761 37.774 90.094 0.03570839 6.095585e+13 4.220994e+12 5.482921e+23 31.999 1245.888062 4.274 35.861
3497 11928 M3.3 2013.12.21_15:12_TAI 4.262811e+22 102.758 0.00205268 8021.823 30.868 3351.165 56.235 0.00455906 43.929 108.385 -0.22602671 6.625474e+13 8.595152e+12 6.816962e+23 36.67 1499.794556 4.82 131.343
3497 11928 M1.6 2013.12.21_22:08_TAI 4.577022e+22 99.637 0.00151124 7804.07 27.643 3503.19 53.989 0.00329603 42.112 105.042 -0.09799925 6.62705e+13 6.637957e+12 6.933926e+23 35.085 1449.291626 4.792 101.102
3497 11928 M1.3 2013.12.22_00:03_TAI 4.633514e+22 97.228 -0.00094865 7505.92 28.228 3558.294 52.615 -0.00214997 42.138 103.027 -0.11732382 6.85179e+13 4.143028e+12 6.916431e+23 35.309 1435.036743 4.801 65.816
3497 11928 M1.6 2013.12.22_09:06_TAI 4.817742e+22 90.851 -0.00636345 7895.941 24.697 3695.585 48.485 -0.01402095 40.024 98.759 -0.12504168 6.386196e+13 8.683607e+12 7.222761e+23 33.223 1430.366211 4.885 438.308
3535 11936 M3.1 2013.12.28_07:56_TAI 1.668418e+22 116.571 -0.0046671 4424.947 29.623 1597.349 65.689 -0.01602875 47.035 115.651 0.27250668 3.62912e+13 8.483215e+12 1.82707e+23 37.541 981.339661 4.092 145.105
3535 11936 M6.4 2013.12.30_21:58_TAI 2.748677e+22 111.439 -0.00292656 7852.725 39.638 2774.179 69.227 -0.00836089 51.937 113.696 0.18384533 5.959087e+13 4.669109e+12 5.208542e+23 42.523 1490.717041 4.562 146.155
3535 11936 M9.9 2013.12.31_18:52_TAI 3.639793e+22 108.693 -0.00184212 6761.546 37.02 3208.241 61.21 -0.00507283 48.467 112.675 0.09689964 7.102101e+13 3.112644e+12 5.672972e+23 40.857 1689.716797 4.561 116.376
3563 11944 M1.3 2014.01.03_10:25_TAI 1.214294e+23 76.857 0.007566 9301.485 31.801 7849.425 43.782 0.01679506 43.784 86.002 0.05171748 1.632445e+14 5.097925e+13 2.265007e+24 39.066 3627.456543 4.969 1387.272
3563 11944 M1.3 2014.01.03_10:25_TAI 1.214294e+23 76.857 0.007566 9301.485 31.801 7849.425 43.782 0.01679506 43.784 86.002 0.05171748 1.632445e+14 5.097925e+13 2.265007e+24 39.066 3627.456543 4.969 1387.272
3580 11946 M1.0 2014.01.06_03:53_TAI 9.088576e+21 101.629 0.0119807 8951.146 50.236 880.432 69.102 0.03000001 57.765 104.225 0.11667376 1.932326e+13 5.362646e+12 1.989614e+23 47.786 361.579712 4.087 200.521
3563 11944 M7.2 2014.01.06_10:13_TAI 9.753836e+22 87.304 0.01155664 13103.26 48.664 7875.446 53.836 0.02724716 54.019 90.792 0.15166643 1.773117e+14 7.521599e+13 2.990641e+24 47.4 4496.787598 5.112 1986.055
3563 11944 M1.3 2014.01.12_21:51_TAI 8.918573e+22 76.353 0.00664197 9926.867 29.801 4785.45 39.52 0.01434593 42.314 82.567 -0.0898074 9.39347e+13 3.87525e+13 1.716587e+24 35.151 2715.32251 4.607 864.811
3686 11967 M1.0 2014.01.31_01:25_TAI 8.325792e+22 94.567 -0.00584021 13193.59 31.656 7628.563 51.823 -0.01109998 43.148 100.869 0.07755501 1.209928e+14 1.261771e+13 2.056395e+24 37.263 2696.802002 5.136 685.413
3686 11967 M3.0 2014.01.31_07:23_TAI 7.780908e+22 100.466 -0.0073778 14293.71 33.554 8028.357 56.553 -0.01315658 44.508 106.481 0.09463043 1.258769e+14 2.06696e+13 2.029419e+24 38.517 2886.016846 5.199 788.731
3688 11968 M2.6 2014.02.01_06:34_TAI 2.467759e+22 115.724 -0.00498313 5264.112 25.474 2205.282 58.981 -0.01460313 41.895 118.125 0.11127156 4.766169e+13 3.535605e+12 2.801492e+23 34.663 1410.858032 4.356 199.689
3686 11967 M2.2 2014.02.01_08:20_TAI 7.642752e+22 103.122 -0.01259241 18228.12 41.717 9644.953 65.626 -0.02134517 49.84 110.408 0.17098105 1.408415e+14 3.170586e+13 2.588921e+24 42.858 3399.223633 5.25 1346.695
3686 11967 M4.4 2014.02.01_09:31_TAI 7.659354e+22 100.128 -0.01335831 17528.71 41.739 9267.285 63.772 -0.02507111 49.975 106.941 0.16615762 1.453449e+14 3.066006e+13 2.623694e+24 43.134 3445.565674 5.258 1505.535
3686 11967 M1.3 2014.02.01_14:06_TAI 7.287728e+22 100.724 -0.01625506 20001.11 44.739 9399.67 66.097 -0.02787744 51.551 110.096 0.21076843 1.455585e+14 4.003096e+13 2.719348e+24 44.865 3545.108643 5.2 1664.111
3686 11967 M1.3 2014.02.01_22:04_TAI 7.635813e+22 101.995 -0.01917066 21053.93 46.331 10409.904 68.074 -0.02966469 52.535 110.863 0.19288281 1.441911e+14 5.657544e+13 2.939156e+24 45.719 3603.744873 5.417 2015.105
3688 11968 M3.8 2014.02.03_01:23_TAI 2.346591e+22 115.476 -0.00734665 7984.953 39.506 2315.319 72.141 -0.01837748 51.566 119.138 0.18545902 4.995579e+13 1.157088e+13 4.052354e+23 41.492 1621.713257 4.476 280.737
3686 11967 M5.2 2014.02.03_04:00_TAI 7.479867e+22 100.576 -0.02922837 25132.4 52.4 10216.24 71.938 -0.04160662 56.549 112.061 0.14506125 1.437488e+14 9.448814e+13 3.33489e+24 48.538 3883.043701 5.392 2920.265
3686 11967 M1.4 2014.02.03_09:49_TAI 7.377329e+22 100.229 -0.02696144 24043.29 52.756 9626.704 71.287 -0.04016656 56.438 111.266 0.23630834 1.388482e+14 9.314118e+13 3.184913e+24 48.473 3983.966309 5.466 2689.161
3686 11967 M1.5 2014.02.03_16:02_TAI 7.218475e+22 99.104 -0.02926943 23529.43 52.522 9501.064 69.646 -0.04591113 56.183 109.441 0.24706797 1.359856e+14 9.693853e+13 3.12953e+24 48.477 4015.615967 5.38 2931.274
3686 11967 M1.3 2014.02.04_16:20_TAI 7.144672e+22 105.218 -0.02639362 21292.09 48.347 9584.797 72.291 -0.04073127 53.58 113.069 0.27436295 1.335894e+14 7.837566e+13 2.745285e+24 46.023 3936.968506 5.36 2562.372
3686 11967 M1.5 2014.02.05_23:05_TAI 8.061821e+22 102.657 -0.01367872 16757.45 34.67 8162.099 59.41 -0.02223043 45.09 110.482 0.23172288 1.231026e+14 3.271862e+13 2.399271e+24 38.961 3365.584717 5.127 1474.661
3686 11967 M2.0 2014.02.06_04:56_TAI 8.350764e+22 104.138 -0.0138733 16056.7 31.173 8160.242 58.682 -0.02254518 43.125 111.372 0.10188972 1.231437e+14 3.241189e+13 2.345001e+24 37.237 3278.167236 5.131 1525.619
3688 11968 M1.9 2014.02.06_10:29_TAI 5.76266e+22 101.043 -0.01214812 9524.636 29.912 4445.93 56.373 -0.02628127 43.592 108.931 -0.0526572 8.507485e+13 5.030269e+13 1.026414e+24 37.474 2240.61499 4.973 985.747
3721 11974 M1.8 2014.02.10_16:51_TAI 1.763983e+22 109.721 0.00200446 8154.069 39.152 1792.835 68.419 0.00547508 52.501 111.486 0.29052779 3.793071e+13 4.693836e+12 3.416645e+23 41.215 1185.150635 4.348 63.243
3721 11974 M3.7 2014.02.11_04:25_TAI 2.036443e+22 111.287 -0.01533557 10964.62 45.191 2670.026 76.157 -0.03792126 56.146 117.588 0.04953983 4.724344e+13 1.861909e+13 5.076288e+23 44.73 1368.005371 4.773 534.583
3721 11974 M2.3 2014.02.11_06:58_TAI 2.167309e+22 110.77 -0.01567802 10387.68 44.849 2865.102 72.291 -0.03902875 55.824 118.433 0.29429427 5.201233e+13 1.985837e+13 5.19062e+23 44.738 1432.431274 4.768 589.854
3721 11974 M2.1 2014.02.11_15:51_TAI 2.312625e+22 108.677 -0.00455818 9967.262 48.395 3077.788 73.422 -0.01253367 58.011 115.45 0.14268674 5.839912e+13 3.117555e+12 5.645433e+23 46.546 1589.143188 4.878 194.402
3721 11974 M1.0 2014.02.12_02:51_TAI 2.637312e+22 117.345 -0.00831422 10304.9 47.116 3872.626 81.87 -0.02073045 57.658 122.493 0.23868836 7.150218e+13 1.375956e+13 6.264608e+23 46.034 1599.183228 4.938 380.567
3721 11974 M1.0 2014.02.12_08:12_TAI 2.628324e+22 115.565 -0.0031165 10857.17 47.593 4012.999 80.538 -0.00765615 58.056 123.624 0.15377295 7.294694e+13 4.422714e+12 6.590258e+23 46.689 1617.074585 5.021 142.433
3721 11974 M2.3 2014.02.13_02:57_TAI 3.241472e+22 115.279 -0.00207269 13580.88 49.464 4981.786 81.452 -0.00461968 57.077 124.992 0.16467853 9.055286e+13 1.626942e+13 9.683894e+23 47.327 1784.161987 5.088 111.279
3721 11974 M1.1 2014.02.13_13:28_TAI 3.427387e+22 108.096 -0.00216499 12384.76 48.709 4405.018 75.859 -0.00512277 56.56 116.443 0.03196673 8.226434e+13 2.152615e+13 9.616524e+23 46.842 1840.312134 5.075 126.578
3721 11974 M1.0 2014.02.13_16:39_TAI 3.595301e+22 110.036 -0.00235195 12832.87 49.033 4737.63 77.631 -0.00531852 56.647 119.741 -0.02373664 8.714941e+13 2.088489e+13 1.015468e+24 46.944 1913.444214 5.202 140.132
3740 11977 M1.1 2014.02.15_09:26_TAI 2.113974e+22 99.386 0.00098643 7680.9 38.836 1723.203 59.053 0.00305168 50.565 99.808 0.29222938 3.89331e+13 5.737889e+12 3.901006e+23 41.943 1298.377686 4.257 37.721
3730 11976 M3.0 2014.02.19_07:56_TAI 2.454127e+22 86.158 0.00412093 6070.176 20.82 1429.913 38.284 0.01046787 36.3 90.791 -0.15060009 2.661055e+13 2.85452e+12 2.970971e+23 30.428 680.018921 4.285 151.869
3766 11982 M1.1 2014.02.25_15:01_TAI 5.62806e+22 108.71 -0.00226881 5780.816 31.762 4537.523 59.06 -0.00655201 45.224 109.025 -0.09377633 9.555938e+13 4.554199e+12 7.233976e+23 37.589 2655.638672 4.664 213.774
3804 11991 M1.1 2014.02.27_00:48_TAI 1.795755e+22 80.354 -0.00309878 9815.655 32.269 1074.209 46.999 -0.00588031 42.93 90.389 0.21768576 1.84225e+13 2.665844e+12 3.094788e+23 37.616 502.806244 4.181 73.565
3779 11986 M1.1 2014.03.01_23:19_TAI 1.671957e+22 71.686 0.000661 800.3797 0.65 505.182 24.736 0.00300473 22.653 72.321 -0.01974778 1.211169e+13 1.983307e+12 3.058822e+22 17.531 249.693008 0.0 19.021
3784 11989 M1.2 2014.03.02_15:58_TAI 3.487533e+22 122.1 -0.00521009 4242.888 18.184 2685.186 58.645 -0.01656346 38.997 121.551 0.28312859 5.84595e+13 1.067246e+13 3.259304e+23 30.525 2542.764893 4.338 301.362
3804 11991 M1.0 2014.03.04_02:10_TAI 1.70442e+22 111.589 -0.01551962 10546.54 46.408 1765.262 73.689 -0.03362359 55.463 114.49 0.22525185 3.662449e+13 1.629184e+13 3.86377e+23 45.249 861.27594 4.506 428.109
3836 12002 M1.0 2014.03.08_20:28_TAI 8.606945e+21 99.076 -0.01582379 3909.277 7.61 609.965 50.883 -0.03077707 30.02 104.443 -0.15949354 9.255896e+12 5.94353e+12 5.382747e+22 23.836 223.03891 3.837 164.061
3836 12002 M1.1 2014.03.09_00:26_TAI 9.339587e+21 97.285 -0.01747314 4262.995 11.449 625.089 52.927 -0.03660246 33.657 106.76 -0.09992884 1.039294e+13 9.892052e+12 6.789207e+22 27.452 242.262894 3.833 209.538
3836 12002 M1.0 2014.03.09_04:08_TAI 1.049217e+22 100.482 -0.01146684 5420.291 13.506 825.332 56.782 -0.02529536 35.717 110.518 -0.08762138 1.387582e+13 8.316865e+12 1.004103e+23 28.952 252.079132 3.993 159.951
3836 12002 M1.7 2014.03.09_15:28_TAI 1.278455e+22 109.896 -0.01880891 5753.842 17.768 1130.481 59.296 -0.03964996 37.002 122.25 -0.06114666 1.950096e+13 1.62937e+13 1.286346e+23 31.061 423.740051 4.377 316.61
3813 11996 M1.4 2014.03.09_23:00_TAI 2.054155e+22 106.507 -0.00120353 4527.642 20.026 1413.384 52.627 -0.00339171 39.41 109.646 -0.27581057 2.975576e+13 4.692065e+12 1.972715e+23 32.464 769.976562 4.137 39.485
3813 11996 M3.5 2014.03.10_03:50_TAI 2.381459e+22 104.245 -0.00362696 4319.273 18.826 1688.163 52.989 -0.01011469 38.503 108.726 -0.28699887 3.619827e+13 5.548006e+12 2.136844e+23 31.668 844.473083 4.347 135.111
3813 11996 M2.5 2014.03.11_11:05_TAI 3.539029e+22 89.631 -0.00668087 6626.975 20.445 2336.209 47.225 -0.01428929 37.112 97.64 -0.21937062 3.893978e+13 1.110106e+13 4.180699e+23 31.066 1017.505493 4.514 317.355
3813 11996 M9.3 2014.03.11_22:34_TAI 3.822935e+22 70.786 -0.00720731 5647.585 19.567 2199.255 39.914 -0.01735862 37.161 78.195 -0.01767576 3.687328e+13 1.189848e+13 4.083507e+23 29.54 932.753845 4.36 392.402
3856 12010 M1.7 2014.03.19_03:56_TAI 2.639492e+22 109.826 0.01052175 3982.09 11.891 1960.736 52.91 0.03035102 34.366 114.165 0.21668899 3.831098e+13 2.079812e+13 2.130798e+23 27.641 1284.223633 4.42 423.921
3894 12017 M2.0 2014.03.27_19:18_TAI 1.083689e+22 118.442 0.00237612 6342.31 32.085 892.25 71.547 0.00617115 50.166 117.588 0.06705087 1.867547e+13 2.313745e+12 1.511568e+23 37.8 764.783936 3.506 42.64
3894 12017 M2.6 2014.03.27_23:51_TAI 1.077908e+22 121.958 0.00328595 6353.502 31.046 965.209 71.369 0.00843873 48.68 122.93 0.09098559 2.094871e+13 3.677814e+12 1.493985e+23 36.94 751.767944 3.586 58.181
3894 12017 M2.1 2014.03.29_11:55_TAI 1.268129e+22 118.281 0.01454859 7014.868 25.095 1218.948 65.183 0.0397124 42.859 123.86 0.1784803 2.426225e+13 1.410351e+13 1.868428e+23 34.688 820.385559 4.459 291.787
3879 12014 M1.4 2014.03.30_08:07_TAI 3.37596e+22 77.984 -7.794e-05 4841.841 14.427 1427.553 33.834 -0.00020421 33.038 81.414 -0.11113963 2.787739e+13 2.915842e+12 3.213932e+23 27.646 848.131287 4.231 3.896
4000 12035 M1.0 2014.04.15_19:59_TAI 4.311887e+22 106.102 0.01149601 5450.434 24.044 3266.805 53.283 0.03308992 41.072 108.024 0.1651255 6.845065e+13 3.152481e+13 5.057701e+23 33.873 2009.171265 4.504 803.238
4097 12056 M5.2 2014.05.07_10:07_TAI 7.827126e+22 70.105 0.00160211 10372.03 31.43 4585.568 39.099 0.00339722 43.169 78.205 -0.04270892 8.526002e+13 2.569181e+12 1.546865e+24 35.649 2276.028564 4.784 179.912
4138 12065 M1.3 2014.05.23_18:35_TAI 2.158576e+22 117.018 0.00146038 2712.057 10.849 1476.36 51.17 0.00482862 33.214 116.601 0.17710808 3.018761e+13 7.373751e+12 1.255276e+23 26.869 897.055176 3.917 50.897
4186 12077 M1.3 2014.06.02_04:09_TAI 1.240774e+22 102.482 0.01018051 6196.122 22.046 840.824 50.767 0.02643424 40.021 104.348 -0.0390233 1.717727e+13 1.074388e+13 1.536303e+23 33.732 431.053467 3.423 190.07
4197 12080 M1.4 2014.06.05_19:31_TAI 2.183295e+22 108.492 0.00765989 5374.442 18.717 1632.29 52.067 0.02044057 37.343 112.532 -0.01051803 3.33626e+13 7.702098e+12 2.371506e+23 31.144 922.061157 4.503 254.508
4197 12080 M1.8 2014.06.10_05:34_TAI 6.068879e+22 95.621 0.00356383 11612.76 48.069 4832.572 59.997 0.0080591 53.44 100.883 0.14202335 1.020316e+14 2.269013e+13 1.501712e+24 46.01 3078.03418 4.87 347.01
4197 12085 M1.8 2014.06.11_09:37_TAI 6.816004e+22 95.811 0.00602548 10660.24 37.407 4760.954 53.914 0.01211872 46.853 101.826 -0.11301165 9.613105e+13 2.684225e+13 1.386464e+24 40.341 3007.746094 4.838 590.087
4231 12089 M1.1 2014.06.11_20:03_TAI 3.565248e+21 144.564 0.02487393 6385.363 24.915 539.639 91.622 0.05967132 46.563 155.292 0.16572794 9.624916e+12 7.866851e+12 4.50969e+22 34.806 182.561783 3.962 132.28
4197 12085 M1.1 2014.06.14_11:39_TAI 6.392543e+22 66.171 0.00140382 6461.367 17.701 2774.578 31.902 0.00332038 34.208 74.635 0.00781576 4.655994e+13 4.429224e+12 7.54852e+23 28.043 2981.719482 0.0 123.484
4225 12087 M1.0 2014.06.15_00:01_TAI 2.245255e+22 103.963 0.0205896 5234.319 21.038 1660.857 47.805 0.06245822 38.719 104.121 0.68382019 3.29577e+13 2.755059e+13 2.570979e+23 32.494 1113.182495 3.409 761.465
4344 12113 M1.2 2014.07.08_00:26_TAI 1.146877e+22 90.02 0.00361106 4247.908 16.639 688.069 43.033 0.00875346 35.06 94.182 -0.2272062 1.22129e+13 3.205339e+12 9.228785e+22 27.871 273.216003 3.718 59.073
4294 12106 M1.5 2014.07.09_22:34_TAI 3.087912e+22 96.022 0.00072036 2702.874 7.835 1519.767 38.195 0.00221896 29.435 96.234 -0.19873719 3.242412e+13 5.050988e+12 1.678683e+23 24.88 816.385925 3.802 33.688
4396 12130 M2.5 2014.07.30_11:14_TAI 5.024535e+22 82.184 0.00077386 7115.601 25.12 3154.689 43.037 0.00189507 39.885 89.425 -0.21731082 6.076406e+13 8.637598e+12 6.926256e+23 32.984 1605.37854 0.0 56.72
4639 12182 M1.3 2014.10.08_01:43_TAI 2.074075e+22 129.642 -0.0007375 2533.339 9.684 1482.138 54.971 -0.00260884 33.06 128.898 0.27430376 3.272116e+13 4.897134e+12 1.143319e+23 26.127 1436.934448 3.601 25.062
4639 12182 M1.4 2014.10.08_01:58_TAI 2.070874e+22 130.207 -0.00039486 2526.891 9.081 1449.528 55.105 -0.00139275 32.767 129.389 0.23340753 3.20635e+13 4.146744e+12 1.134839e+23 25.929 1449.483643 3.722 13.353
4639 12182 M1.2 2014.10.08_06:59_TAI 1.982779e+22 131.99 0.00182063 2817.82 10.058 1480.744 57.227 0.00600547 33.377 132.065 0.20769942 3.17402e+13 3.447128e+12 1.182008e+23 26.288 1452.218872 3.774 57.494
4698 12192 M3.9 2014.10.19_09:11_TAI 1.249091e+23 80.176 -0.00506511 14303.42 33.775 8233.463 44.841 -0.00927889 43.821 92.394 -0.04389242 1.405131e+14 3.009154e+13 3.103764e+24 38.74 4227.217285 4.997 827.594
4698 12192 M4.5 2014.10.19_16:37_TAI 1.365083e+23 83.98 -0.00476762 13384.34 33.384 9268.647 46.563 -0.0092371 44.162 94.719 0.03880415 1.700446e+14 3.752114e+13 3.366548e+24 39.135 4440.582031 5.131 902.948
4698 12192 M1.4 2014.10.19_19:02_TAI 1.329179e+23 87.175 -0.0055913 14534.96 34.49 9673.208 47.704 -0.01002849 44.528 98.404 0.04313257 1.63378e+14 3.208534e+13 3.438724e+24 39.42 4576.804688 5.187 996.022
4698 12192 M1.7 2014.10.19_20:04_TAI 1.308395e+23 88.327 -0.00550902 15457.57 35.428 10058.913 49.464 -0.00954467 44.94 101.012 0.01150371 1.663474e+14 2.871681e+13 3.509341e+24 39.914 4645.686523 5.199 941.74
4698 12192 M1.2 2014.10.19_22:55_TAI 1.39232e+23 88.309 -0.00531158 14794.81 34.643 10679.933 48.996 -0.00971546 44.381 101.141 0.04642599 1.786977e+14 2.900951e+13 3.694583e+24 39.577 4735.427734 5.166 998.748
4698 12192 M8.7 2014.10.21_01:59_TAI 1.380013e+23 95.271 -0.00596269 17310.74 41.447 12354.98 55.462 -0.01065686 48.51 109.576 0.07297926 2.106509e+14 2.138151e+13 4.386728e+24 43.553 5533.27832 5.35 1137.754
4698 12192 M2.7 2014.10.21_05:17_TAI 1.324296e+23 97.22 -0.00602499 18254.02 43.699 11889.348 58.911 -0.00992013 49.681 110.793 0.02850861 2.042261e+14 2.279912e+13 4.273769e+24 44.433 5655.849121 5.363 1062.146
4698 12192 X1.6 2014.10.21_14:28_TAI 1.287257e+23 95.14 -0.00618713 18761.59 46.814 11688.285 59.802 -0.01072704 51.38 109.813 0.10008512 2.132925e+14 2.610382e+13 4.383311e+24 46.038 5950.770996 5.382 1088.422
4698 12192 M1.1 2014.10.22_09:50_TAI 1.321423e+23 95.75 -0.00358483 20200.48 50.353 11448.595 60.74 -0.00620174 53.215 109.191 0.12510623 2.163544e+14 1.191737e+13 4.903221e+24 47.543 6501.41748 5.398 655.189
4698 12192 X3.1 2014.10.23_21:41_TAI 1.42202e+23 95.081 -0.00287493 19356.54 53.128 11477.119 59.935 -0.00512563 54.666 104.974 0.0581721 2.210721e+14 6.214474e+12 5.276354e+24 49.2 6846.543945 5.417 590.085
4698 12192 X1.0 2014.10.24_17:08_TAI 1.502662e+23 96.008 -0.00348048 18389.8 50.852 12280.969 58.114 -0.00587998 53.155 105.777 0.02138764 2.266613e+14 1.183918e+13 5.151359e+24 47.855 7044.97998 5.359 734.111
4698 12192 X2.0 2014.10.25_10:56_TAI 1.644963e+23 92.418 -0.00207693 16178.9 44.031 12732.282 53.888 -0.00395699 49.566 102.635 0.12099912 2.381753e+14 2.568945e+13 5.149191e+24 44.603 7142.945801 5.459 497.723
4698 12192 M1.0 2014.10.25_17:17_TAI 1.695363e+23 97.407 -0.00191454 17386.12 41.615 13597.732 55.521 -0.00314168 47.911 108.259 0.019674 2.330898e+14 3.925069e+13 5.192767e+24 43.145 7112.023438 5.475 430.566
4698 12192 M1.9 2014.10.25_18:49_TAI 1.765877e+23 94.295 -0.00188722 15921.77 40.337 13236.691 52.707 -0.00339547 47.286 104.449 0.0936707 2.403113e+14 3.703043e+13 5.224653e+24 42.619 7067.698242 5.451 466.287
4698 12192 M2.4 2014.10.25_20:21_TAI 1.745042e+23 95.998 -0.00299593 16253.26 40.691 13129.162 54.482 -0.00516933 47.364 105.102 0.05260317 2.367782e+14 2.603087e+13 5.123903e+24 42.64 6992.087891 5.41 711.149
4698 12192 M7.1 2014.10.26_00:34_TAI 1.765318e+23 94.377 -0.00211513 15912.16 39.001 13100.229 53.588 -0.00361299 46.577 103.276 0.02170521 2.366638e+14 3.591853e+13 5.02495e+24 41.852 6900.827637 5.3 502.941
4698 12192 M1.0 2014.10.26_02:02_TAI 1.777957e+23 95.462 -0.00249516 16028.9 38.731 13148.165 54.285 -0.00419135 46.425 104.151 0.01047254 2.353003e+14 3.464796e+13 5.023094e+24 41.656 6936.214844 5.369 588.748
4698 12192 M1.3 2014.10.26_03:41_TAI 1.806752e+23 95.085 -0.00240096 15705.96 38.129 13339.108 52.832 -0.00411761 45.945 103.631 0.04879177 2.365085e+14 4.082143e+13 5.053216e+24 41.182 6957.290039 5.423 581.643
4698 12192 M6.7 2014.10.26_10:09_TAI 1.826344e+23 90.144 -0.0004808 15004.12 35.874 13077.992 50.528 -0.00088624 44.952 99.021 0.07932328 2.329133e+14 5.877495e+13 5.016744e+24 40.032 6883.268066 5.482 121.047
4698 12192 X2.0 2014.10.26_14:47_TAI 1.841372e+23 90.32 -0.00021518 15093.87 35.011 13269.779 50.314 -0.00037829 44.46 99.174 0.07920273 2.293877e+14 6.094152e+13 4.953963e+24 39.563 6823.04834 5.486 53.178
4698 12192 M1.4 2014.10.26_17:40_TAI 1.916893e+23 87.756 0.00013125 15091.48 33.938 13770.992 48.775 0.00022943 43.684 96.824 0.02448187 2.31998e+14 4.685186e+13 5.120248e+24 39.052 6773.321289 5.444 33.53
4698 12192 M3.4 2014.10.27_02:42_TAI 1.956649e+23 87.25 1.221e-05 14808.11 31.71 14156.545 48.619 2.053e-05 42.405 96.017 -0.03865151 2.3279e+14 3.822427e+13 4.973764e+24 37.76 6494.164551 5.324 3.088
4698 12192 M6.6 2014.10.27_03:32_TAI 1.961019e+23 86.765 -0.00054891 14556.5 31.3 13812.041 47.721 -0.00092657 42.078 95.422 -0.01125753 2.276364e+14 3.188536e+13 4.905257e+24 37.303 6506.261719 5.367 139.278
4698 12192 M1.6 2014.10.27_14:06_TAI 1.96394e+23 81.728 -0.00087268 13422.11 28.578 13130.025 45.242 -0.00153391 40.676 90.933 -0.02483752 2.115032e+14 2.08905e+13 4.560833e+24 35.157 6125.493164 5.244 223.275
4698 12192 M1.0 2014.10.28_08:20_TAI 1.96216e+23 73.243 0.00013076 13605.06 27.655 11812.092 41.539 0.00022252 40.051 83.029 -0.08218562 1.848704e+14 1.043083e+13 4.413843e+24 33.951 5580.368652 5.233 31.942
4698 12192 M1.2 2014.10.28_10:01_TAI 1.942777e+23 70.758 -0.00044847 13112.81 27.507 11537.965 40.534 -0.00079172 40.301 80.945 -0.02353142 1.81184e+14 3.037544e+12 4.327547e+24 33.707 5562.792969 5.218 111.442
4698 12192 M1.4 2014.10.28_14:33_TAI 1.909434e+23 69.187 -0.00030745 13464.62 27.645 11476.043 40.534 -0.00053905 40.244 80.285 0.00675982 1.765255e+14 4.455235e+12 4.321664e+24 33.61 5459.979492 5.256 74.303
4698 12192 M1.0 2014.10.28_16:20_TAI 1.948279e+23 68.202 -0.00100311 13631.61 27.795 11638.328 40.329 -0.00171289 39.872 80.565 -0.05309442 1.799562e+14 6.659291e+12 4.374681e+24 33.827 5388.207031 5.229 242.393
4698 12192 M1.3 2014.10.28_18:50_TAI 1.928616e+23 65.669 -0.00059989 13420.68 27.896 11364.622 39.187 -0.00106481 40.529 78.264 -0.01514305 1.758683e+14 8.144499e+12 4.398191e+24 33.786 5414.904785 5.218 148.025
4781 12205 M2.5 2014.11.05_22:16_TAI 4.953484e+22 85.001 0.0205768 6894.752 19.718 3914.222 46.896 0.04452963 35.953 96.006 -0.08383337 6.414365e+13 4.507938e+13 6.053018e+23 30.696 1308.449585 4.699 1360.23
4781 12205 M2.7 2014.11.06_02:49_TAI 4.827895e+22 89.611 0.02347118 7259.672 20.408 4107.798 49.154 0.04980458 36.802 100.907 -0.10943547 6.577244e+13 4.905483e+13 6.169381e+23 31.202 1359.003662 4.812 1501.921
4781 12205 M1.0 2014.11.06_10:22_TAI 4.389412e+22 92.195 0.02754938 7409.801 20.913 3983.368 49.541 0.06211685 37.418 101.679 0.02691982 6.285347e+13 5.467407e+13 5.934635e+23 31.786 1332.505127 4.757 1661.393
4781 12205 M2.3 2014.11.08_15:32_TAI 3.102833e+22 109.123 0.02633971 8138.149 34.274 3545.107 62.264 0.07596355 46.479 112.935 0.24706908 6.63771e+13 5.914317e+13 5.72177e+23 39.17 1625.62561 4.746 1394.424
4817 12209 M3.2 2014.11.14_12:03_TAI 1.06252e+23 71.603 0.00100349 8342.48 21.112 5204.915 33.14 0.0022743 35.773 79.629 0.01733452 9.400671e+13 4.448828e+12 1.627842e+24 30.67 3197.015137 4.585 147.436
4817 12209 M5.7 2014.11.15_17:48_TAI 1.314931e+23 87.787 0.00377932 7686.938 19.481 7714.841 41.123 0.00924983 36.74 92.284 0.06145165 1.530845e+14 3.953205e+13 1.999107e+24 31.089 4466.322266 4.845 740.071
4874 12222 M1.8 2014.11.30_06:41_TAI 3.584496e+22 91.695 -0.00428966 16686.35 51.688 2679.638 58.197 -0.00680775 54.929 96.902 0.00500059 5.290718e+13 3.445026e+12 1.131545e+24 48.077 1410.88208 4.771 219.035
4874 12222 M1.3 2014.12.03_08:10_TAI 3.402715e+22 95.154 -0.00332363 16285.87 53.721 2856.312 62.127 -0.00587347 56.206 102.119 0.03912684 5.419611e+13 6.865977e+12 1.101294e+24 49.242 1531.882202 4.755 169.236
4874 12222 M6.1 2014.12.03_18:25_TAI 3.530038e+22 96.674 -0.00198268 15929.77 50.529 2773.765 60.516 -0.00339363 54.469 103.877 0.09158196 5.307655e+13 4.15253e+12 1.087812e+24 47.81 1526.291992 4.631 101.946
4874 12222 M1.3 2014.12.03_19:41_TAI 3.653846e+22 94.35 -0.00102873 14769.73 50.505 2761.178 57.978 -0.00191239 54.221 100.659 0.0809995 5.53636e+13 2.322582e+12 1.100884e+24 47.782 1519.661499 4.679 57.737
4874 12222 M1.5 2014.12.04_12:25_TAI 3.477723e+22 94.97 -0.00368436 13975.13 45.752 2496.812 56.16 -0.00688388 52.367 100.449 0.02067768 4.98477e+13 2.656962e+12 9.730977e+23 45.441 1456.366699 4.66 193.163
4920 12242 M1.6 2014.12.13_19:33_TAI 5.560825e+22 108.187 0.00520035 4095.947 13.335 3476.876 44.236 0.01653711 33.33 108.702 0.37078378 7.529315e+13 2.436108e+13 4.849673e+23 27.317 3144.025879 4.234 463.632
4920 12242 M1.5 2014.12.16_01:10_TAI 5.941481e+22 109.45 0.00999622 9644.059 33.953 5291.7 61.747 0.0250347 47.257 114.592 0.47811294 1.059161e+14 4.074855e+13 1.221948e+24 38.864 4466.143066 5.021 953.659
4941 12241 M1.4 2014.12.16_19:01_TAI 2.733387e+22 101.006 0.01008956 10368.85 43.207 2299.756 63.046 0.02258144 51.754 108.985 0.1213378 5.043116e+13 1.501591e+13 5.88074e+23 44.511 1089.984985 4.753 430.875
4920 12242 M1.3 2014.12.18_09:44_TAI 8.766376e+22 107.373 0.01024403 10544.42 33.591 7463.121 59.556 0.02457562 45.117 114.061 0.29296654 1.436029e+14 6.875403e+13 1.879096e+24 38.533 4800.830078 5.226 1374.595
4920 12242 M1.2 2014.12.20_07:32_TAI 1.034249e+23 95.549 0.00665213 7195.446 25.365 6927.822 46.427 0.01782149 39.641 101.878 0.18677592 1.392359e+14 5.702986e+13 1.539546e+24 33.288 3651.19751 5.126 1071.685
4941 12241 M1.0 2014.12.20_12:17_TAI 2.68945e+22 81.302 0.01578774 15316.14 60.444 2168.919 57.726 0.03255469 60.188 87.11 0.03427478 4.421056e+13 3.231806e+13 9.061085e+23 52.382 1321.939087 4.549 703.281
4920 12242 M1.0 2014.12.21_01:49_TAI 9.392803e+22 92.694 0.00477825 6836.958 22.905 5753.036 44.896 0.01189268 38.333 97.735 -0.01331084 1.196516e+14 4.783443e+13 1.270307e+24 32.552 2994.421875 5.008 668.482
4955 12249 M2.2 2014.12.26_02:16_TAI 1.77472e+22 105.788 0.00153641 5437.988 21.788 1161.795 49.646 0.00428312 38.792 108.138 -0.06195044 2.548887e+13 4.645534e+12 2.047116e+23 32.351 715.437256 4.247 43.551
5011 12253 M1.1 2015.01.02_09:47_TAI 4.071046e+22 90.915 0.0019623 10836.75 49.211 3195.711 58.086 0.00460726 53.643 97.143 -0.05175582 7.098864e+13 1.017536e+13 9.615079e+23 47.047 1606.590698 4.876 131.097
5011 12253 M1.3 2015.01.03_15:36_TAI 3.594215e+22 91.095 0.00483064 13290.08 54.969 3029.516 61.919 0.01111446 57.124 98.565 -0.0089128 6.584059e+13 1.74637e+13 1.060736e+24 49.675 1822.082153 4.974 290.312
5026 12257 M4.9 2015.01.12_04:58_TAI 3.062179e+22 81.705 -0.00082344 8586.288 30.438 2018.188 47.531 -0.00178058 42.936 88.873 -0.08798233 3.671547e+13 3.738679e+12 4.969413e+23 36.956 839.099731 4.292 35.885
5107 12268 M1.1 2015.01.25_16:53_TAI 2.975067e+22 93.935 0.00144295 9944.769 36.919 1868.783 50.339 0.00318828 46.751 96.542 0.02569826 4.165426e+13 3.015906e+12 6.05347e+23 40.283 1149.066895 4.17 66.136
5107 12268 M1.4 2015.01.27_04:41_TAI 2.844237e+22 99.132 -0.0033359 12051.28 45.598 2152.403 62.428 -0.00707785 53.351 102.974 0.38330999 4.551712e+13 8.763417e+12 7.172158e+23 44.313 1496.577515 4.399 149.492
5107 12268 M2.1 2015.01.28_11:42_TAI 2.383763e+22 96.81 -0.00656354 12626.73 51.054 1826.831 63.01 -0.01434825 57.284 99.952 0.40490863 4.143055e+13 8.23538e+12 6.683728e+23 47.556 1629.372192 4.392 261.61
5107 12268 M2.0 2015.01.29_00:44_TAI 2.484539e+22 97.754 -0.00668703 13681.9 50.811 2011.612 65.332 -0.01382986 57.672 101.608 0.20933595 4.409725e+13 7.98939e+12 7.270427e+23 47.657 1631.794556 4.304 267.568
5107 12268 M1.7 2015.01.29_05:36_TAI 2.567067e+22 96.402 -0.00504311 11940.43 52.087 1959.15 65.433 -0.01184294 58.352 97.973 0.12633081 4.488081e+13 5.469588e+12 7.046875e+23 48.696 1666.764282 4.364 224.106
5127 12277 M2.4 2015.01.29_12:16_TAI 7.089648e+22 71.301 0.00226216 6236.896 20.324 3801.507 38.503 0.00508285 36.452 77.776 -0.12867352 6.57902e+13 7.925267e+12 7.989907e+23 29.796 1945.754761 4.656 218.21
5127 12277 M1.2 2015.02.03_02:15_TAI 2.604737e+22 123.128 -0.00727057 6682.86 27.175 2199.324 68.062 -0.01852181 44.706 124.703 0.49270073 4.631922e+13 1.062068e+13 3.570022e+23 34.802 2288.352783 4.041 292.459
5144 12280 M2.4 2015.02.08_23:35_TAI 1.788694e+22 101.538 0.00280161 9082.224 42.812 1595.974 62.114 0.00714822 51.974 107.209 0.08737171 3.420932e+13 5.230103e+12 3.671549e+23 43.52 864.771606 4.516 85.272
5298 12297 M4.5 2015.03.08_14:33_TAI 3.022932e+22 84.622 0.01786164 6506.06 22.752 1875.221 41.578 0.04280549 37.92 90.092 -0.21385798 3.495558e+13 3.70957e+13 3.757336e+23 32.081 886.331177 4.261 776.696
5298 12297 M2.9 2015.03.10_00:02_TAI 2.903091e+22 103.502 0.03183938 9633.623 32.582 2773.889 55.249 0.07061788 44.429 110.235 0.10338405 4.767006e+13 5.439024e+13 5.536678e+23 38.704 1154.420898 4.851 1377.881
5298 12297 M1.0 2015.03.10_18:51_TAI 2.441201e+22 109.164 0.04721068 12333.33 35.149 2962.243 62.781 0.09467006 46.495 116.573 0.18455109 4.647139e+13 5.621697e+13 5.76106e+23 39.78 1247.062744 4.914 1660.541
5298 12297 M3.2 2015.03.11_04:46_TAI 2.465016e+22 102.452 0.04098912 13567.82 41.421 2933.521 63.165 0.0870783 50.478 113.003 0.18550964 4.931989e+13 6.29751e+13 6.892857e+23 43.473 1308.109863 4.988 1567.916
5298 12297 M1.6 2015.03.11_11:50_TAI 2.371727e+22 106.437 0.04613017 15911.99 43.291 3116.846 69.255 0.08805357 51.707 118.725 0.26296473 5.170309e+13 5.638196e+13 7.367819e+23 44.177 1350.246338 4.978 1608.328
5298 12297 M1.4 2015.03.11_12:14_TAI 2.371542e+22 105.847 0.04707745 16196.66 44.181 3200.725 69.339 0.08871289 52.075 119.343 0.27048209 5.207308e+13 5.649504e+13 7.461132e+23 44.476 1352.061646 5.005 1632.929
5298 12297 M4.2 2015.03.11_14:08_TAI 2.41822e+22 105.124 0.04719947 16511.05 44.186 3361.771 70.186 0.0895184 52.372 117.728 0.27709234 5.441794e+13 6.258247e+13 7.814928e+23 44.754 1382.05249 4.977 1682.142
5298 12297 M2.7 2015.03.11_21:51_TAI 2.5434e+22 109.386 0.05830004 18959.68 44.39 3894.999 77.205 0.09833068 52.999 123.545 0.17521118 5.610415e+13 6.609479e+13 8.975915e+23 44.635 1385.953735 5.064 2078.28
5298 12297 M1.2 2015.03.12_04:01_TAI 2.585339e+22 110.163 0.0618707 21060.15 47.782 4241.828 79.692 0.09910719 54.518 126.409 0.28344649 5.782012e+13 6.703991e+13 9.894526e+23 46.101 1367.356323 5.102 2188.676
5298 12297 M1.3 2015.03.13_04:40_TAI 2.318253e+22 109.689 0.06012075 18239.88 48.519 3571.779 79.114 0.10877275 56.193 120.277 0.23874843 5.190849e+13 6.189512e+13 8.352459e+23 46.996 1389.48938 4.92 2072.963
5298 12297 M1.0 2015.03.14_09:40_TAI 2.352953e+22 112.708 0.04675806 15164.98 42.746 3055.749 74.337 0.08727562 52.717 119.878 0.37501171 4.643438e+13 5.247e+13 6.920226e+23 43.245 1431.439941 4.852 1606.607
5298 12297 M1.2 2015.03.14_23:22_TAI 2.756884e+22 104.879 0.03905259 11981.09 40.855 3397.321 64.984 0.08797835 50.573 111.685 0.35452622 5.719011e+13 5.869507e+13 7.140725e+23 42.532 1412.157959 4.692 1752.563
5298 12297 M1.6 2015.03.15_10:58_TAI 2.77225e+22 105.59 0.02851996 11941.94 39.13 2877.018 61.962 0.0617587 48.644 111.511 0.32043982 4.922681e+13 3.62093e+13 6.700764e+23 41.082 1400.352905 4.823 1204.911
5415 12320 M1.4 2015.04.07_14:43_TAI 1.673502e+22 113.766 0.00787489 5093.959 23.643 1475.78 61.431 0.02706918 43.104 115.254 0.22044127 3.245952e+13 1.20238e+13 2.010356e+23 33.83 1251.948486 4.156 234.018
5446 12322 M1.0 2015.04.20_07:21_TAI 8.388444e+21 89.632 -0.0105154 2454.757 9.939 436.3 39.498 -0.02947941 30.523 94.18 -0.27653337 8.628312e+12 5.841886e+12 4.001681e+22 24.274 151.323227 3.628 129.055
5446 12322 M2.2 2015.04.20_11:57_TAI 1.230549e+22 93.395 -0.01229435 3101.799 13.047 740.589 42.186 -0.02984137 33.333 99.204 -0.05220507 1.312864e+13 1.031814e+13 7.047343e+22 26.019 252.85733 3.72 210.332
5447 12325 M1.2 2015.04.20_22:01_TAI 5.068125e+22 96.743 -0.0049745 4092.798 17.343 3003.038 43.537 -0.01637425 36.165 97.627 0.25970742 6.763504e+13 1.395326e+13 4.587601e+23 30.243 2143.303955 4.053 419.843
5526 12335 M1.3 2015.05.04_14:25_TAI 2.649061e+22 100.319 0.00538627 7834.177 39.427 2207.644 60.568 0.01429537 49.472 103.763 0.15421073 4.907344e+13 8.684654e+12 4.6288e+23 42.338 1241.187988 4.561 239.63
5526 12335 M2.6 2015.05.04_17:24_TAI 2.524563e+22 105.354 0.0058018 8447.712 40.166 2233.84 65.211 0.01411596 49.804 109.442 0.1241921 4.678999e+13 9.587698e+12 4.509788e+23 42.409 1263.797485 4.498 233.215
5637 12360 M1.3 2015.06.12_07:29_TAI 5.699735e+22 82.488 0.00128533 3897.788 12.1 2835.275 37.319 0.00383563 31.916 87.984 -0.03162351 5.653856e+13 1.703524e+12 4.489937e+23 26.183 1631.55188 4.462 111.481
5692 12371 M1.0 2015.06.19_06:48_TAI 5.030321e+22 84.406 -0.01005872 18649.46 51.975 3790.262 56.851 -0.01494257 53.73 95.842 -0.13598129 6.695204e+13 2.357469e+13 1.586148e+24 47.933 1852.075806 4.995 644.16
5673 12367 M3.8 2015.06.20_09:44_TAI 4.341204e+22 109.424 0.00573801 5334.497 18.022 2990.72 52.363 0.01446581 36.47 114.836 -0.02510257 5.857439e+13 2.133461e+13 4.428561e+23 31.039 1728.649536 4.532 358.677
5673 12367 M1.1 2015.06.20_18:20_TAI 4.860862e+22 99.811 0.00432562 4426.653 15.156 2896.809 45.61 0.0119043 34.685 104.311 -0.0543315 5.947872e+13 2.035205e+13 4.293165e+23 29.415 1616.292358 4.443 315.878
