HARPNUM NOAA_Number Class Peak_Time USFLUX MEANGBT MEANJZH MEANPOT SHRGT45 TOTUSJH MEANGBH MEANALP MEANGAM MEANGBZ MEANJZD TOTUSJZ SAVNCPP TOTPOT MEANSHR AREA_ACR R_VALUE ABSNJZH
377 11158 X2.2 2011.02.14_01:56_TAI 2.292718e+22 103.723 0.01958899 14129.66 56.345 3015.888 74.86 0.04121538 60.431 111.241 0.10676716 5.414409e+13 1.196893e+13 7.140573e+23 51.393 945.314636 4.805 745.381
401 11166 M2.0 2011.03.06_14:30_TAI 2.352848e+22 90.899 -0.00173849 9597.931 45.475 1744.633 54.893 -0.00405663 51.832 95.061 0.13252671 3.944855e+13 5.053109e+12 4.864565e+23 44.73 961.502686 4.303 66.343
393 11164 M3.7 2011.03.06_20:12_TAI 6.354885e+22 89.238 0.00668007 8901.316 28.829 4435.788 47.789 0.01490614 41.47 97.15 -0.07817341 8.578735e+13 3.416153e+13 1.096926e+24 36.08 1934.446167 4.842 619.857
637 11226 M2.5 2011.06.06_06:41_TAI 2.65294e+22 104.938 0.0076348 3160.181 14.941 1671.507 45.459 0.02924855 35.535 105.271 0.01902856 3.907187e+13 1.93377e+13 2.001693e+23 29.753 970.551636 3.967 364.119
750 11261 M6.0 2011.08.02_13:48_TAI 2.172087e+22 105.247 0.02639428 9839.566 42.92 2712.405 68.542 0.07782652 53.33 108.889 0.29631871 5.146747e+13 4.453954e+13 5.369127e+23 43.722 1259.099854 4.777 1084.488
750 11261 M9.3 2011.08.03_03:57_TAI 2.429643e+22 105.932 0.0275447 10063.23 43.027 3023.166 66.698 0.07529958 52.101 112.247 -0.00369478 5.425287e+13 4.416899e+13 5.728789e+23 43.566 1285.486938 4.73 1180.703
833 11283 X1.8 2011.09.06_22:38_TAI 1.744217e+22 109.394 0.01196969 8427.838 36.942 1774.993 65.817 0.03531263 50.27 111.56 0.14321876 3.541598e+13 2.091341e+13 3.480545e+23 39.866 1212.428345 4.334 372.198
1321 11402 M8.7 2012.01.22_03:59_TAI 6.575312e+22 109.309 -0.00791825 6854.739 32.847 5262.69 58.344 -0.02190245 45.775 111.572 -0.01852124 1.186385e+14 2.112186e+13 1.013426e+24 38.284 3152.664062 4.672 881.484
1449 11429 X1.1 2012.03.04_04:05_TAI 3.874605e+22 57.365 -0.01863864 13609.83 43.887 2350.838 40.023 -0.03136818 50.654 70.847 0.02771197 3.675997e+13 3.445876e+13 9.134287e+23 44.916 1150.173218 4.4 941.923
1449 11429 X5.4 2012.03.06_00:24_TAI 5.479296e+22 87.202 -0.02964434 16724.31 46.041 5246.065 57.959 -0.0487862 51.546 102.845 -0.04081424 8.431182e+13 7.888847e+13 1.62162e+24 46.137 1720.481201 5.152 2164.244
1449 11430 X1.3 2012.03.06_01:14_TAI 5.50982e+22 87.792 -0.03019862 16792.83 46.638 5332.214 58.609 -0.04897708 51.622 104.188 -0.02142969 8.524498e+13 8.033003e+13 1.622309e+24 46.39 1736.178833 5.153 2196.557
1449 11429 M6.3 2012.03.08_03:53_TAI 5.874061e+22 92.133 -0.02677674 14350.39 52.94 5867.047 62.16 -0.05534331 55.009 101.553 -0.09868766 1.08301e+14 9.217796e+13 1.712872e+24 48.602 2318.047119 5.19 2406.533
1449 11429 M8.4 2012.03.09_17:44_TAI 5.252292e+22 99.96 -0.02358813 11482.63 45.634 4754.836 60.577 -0.05317972 51.367 105.098 0.03697718 9.564607e+13 8.210374e+13 1.263889e+24 44.41 2390.994141 4.975 1954.914
1449 11429 M7.9 2012.03.12_17:41_TAI 6.066222e+22 81.056 -0.0123473 7430.104 25.773 3394.77 40.316 -0.03164326 40.368 86.336 -0.07008495 7.053782e+13 5.705393e+13 9.361796e+23 33.634 1830.724365 4.643 1171.438
1638 11476 M5.1 2012.05.16_01:47_TAI 5.095391e+22 68.551 -0.00220761 5430.528 18.522 2317.18 32.657 -0.00658557 36.22 72.251 -0.05407677 5.14506e+13 1.236118e+13 6.121026e+23 29.72 1108.447754 4.126 187.357
1750 11504 M1.2 2012.06.12_13:17_TAI 3.389702e+22 93.818 0.00756093 8997.601 44.83 2796.656 59.791 0.01873515 52.231 99.265 -0.10393157 6.554943e+13 1.669383e+13 6.877729e+23 45.096 1325.51001 4.775 435.177
1807 11515 X1.1 2012.07.05_23:08_TAI 6.193662e+22 105.052 -0.01686265 12680.79 36.613 6995.201 65.529 -0.03214138 47.59 117.448 -0.1576824 1.188403e+14 4.770486e+13 1.502338e+24 40.771 2217.558594 5.18 1504.249
1834 11520 X1.4 2012.07.11_16:49_TAI 9.194861e+22 92.174 0.00805211 10334.79 45.958 7258.462 54.996 0.02181499 53.499 94.197 0.20016149 1.617293e+14 6.023504e+13 2.323638e+24 45.902 4573.26416 5.073 1363.182
1834 11520 M1.8 2012.07.16_17:15_TAI 1.281132e+23 71.974 0.00418683 7096.356 23.781 6546.776 36.11 0.01025933 39.042 77.26 -0.05500709 1.274374e+14 4.354052e+13 1.811431e+24 32.232 3263.618164 4.95 804.722
1879 11532 M6.2 2012.07.27_20:56_TAI 8.943077e+22 85.511 -0.00132502 5469.472 19.531 4993.681 40.356 -0.00351324 37.116 88.363 0.00757841 1.018469e+14 4.54589e+12 9.946115e+23 30.771 2705.156982 4.618 181.428
2220 11618 M3.5 2012.11.20_15:30_TAI 1.773957e+22 106.042 -0.00944841 6152.669 41.342 2232.011 70.015 -0.03229433 54.297 107.753 0.21555167 4.77172e+13 1.248754e+13 2.960115e+23 43.928 919.80542 4.641 342.268
2635 11719 M6.5 2013.04.10_07:16_TAI 2.020261e+22 107.637 -0.00907675 6069.15 32.775 1718.924 59.597 -0.02663163 46.286 106.506 0.28839058 3.90086e+13 1.276782e+13 2.880519e+23 38.686 1129.59021 4.184 324.376
2739 11745 M5.0 2013.05.21_13:38_TAI 3.022125e+22 83.213 -0.00226805 2550.279 9.834 1282.318 31.607 -0.00833316 29.334 85.078 -0.08184455 3.110918e+13 4.761475e+12 1.721283e+23 24.387 672.540771 3.433 115.262
3291 11875 M4.3 2013.10.21_21:20_TAI 2.896768e+22 101.086 -0.00650148 6388.241 37.75 2906.345 59.742 -0.02390117 50.408 104.405 0.21471544 6.8276e+13 8.36804e+12 4.999288e+23 41.803 1548.595093 4.755 383.093
3295 11877 M9.3 2013.10.23_00:30_TAI 3.985834e+22 92.911 0.00746765 9278.189 36.86 2713.391 48.639 0.0189565 47.583 94.926 0.12841301 6.267501e+13 2.314652e+13 8.505648e+23 40.878 1520.805054 4.511 515.485
3291 11875 X1.0 2013.10.27_02:03_TAI 5.515792e+22 90.433 -0.00992908 9411.309 31.604 3880.761 49.396 -0.02241344 43.794 97.486 0.06287481 8.069013e+13 4.08645e+13 1.054785e+24 38.156 1930.773193 4.591 837.915
3291 11875 M5.1 2013.10.27_04:41_TAI 5.839845e+22 87.688 -0.00873582 8893.033 29.548 3813.344 46.153 -0.02046623 43.034 93.975 0.11667063 7.907973e+13 4.114499e+13 1.072166e+24 37.049 1926.72876 4.577 793.029
3341 11890 X1.1 2013.11.07_04:26_TAI 5.084219e+22 100.461 0.00735114 11257.17 44.537 4926.256 62.767 0.01712547 51.718 105.284 0.0153019 9.854383e+13 1.712731e+13 1.223241e+24 44.382 2366.622314 4.863 601.433
3341 11890 X1.1 2013.11.09_05:14_TAI 3.809701e+22 102.817 0.00829932 9712.337 44.334 3720.508 63.06 0.0212638 53.4 105.951 0.22025113 8.034744e+13 1.213533e+13 8.684757e+23 44.521 2177.477295 4.598 558.785
3364 11893 X1.0 2013.11.18_10:26_TAI 5.547351e+22 83.862 0.00731047 6710.024 23.651 3441.191 43.516 0.01691148 39.024 92.58 -0.12711509 6.547139e+13 2.443121e+13 7.195624e+23 32.797 1504.702637 4.803 590.298
3563 11944 X1.2 2014.01.06_18:32_TAI 9.447797e+22 88.688 0.01251759 13878.5 50.442 7869.667 55.689 0.02765618 55.398 91.322 0.15762906 1.734301e+14 6.973349e+13 2.999264e+24 48.356 4566.675293 4.998 2036.887
3721 11974 M1.7 2014.02.10_03:31_TAI 1.899428e+22 112.222 0.00305002 7742.188 34.747 1735.345 65.63 0.00772371 49.065 112.411 0.12647933 3.514967e+13 3.720052e+12 3.215685e+23 39.166 1084.857788 4.178 95.389
3894 12017 X1.0 2014.03.28_17:48_TAI 1.149691e+22 126.345 0.01271649 7356.699 29.798 1181.389 71.478 0.03146107 46.364 130.18 0.26780155 2.345099e+13 1.095576e+13 1.764955e+23 36.277 821.931335 4.407 229.723
3941 12027 M6.5 2014.04.01_14:05_TAI 1.778795e+22 73.203 -0.00695545 8013.122 21.764 910.132 34.735 -0.01788919 37.233 73.493 -0.07129015 1.714114e+13 3.606667e+12 2.841888e+23 32.075 453.917938 0.0 185.731
3999 12036 M7.3 2014.04.17_13:03_TAI 2.91765e+22 99.791 0.00325833 9813.272 48.57 2495.747 64.769 0.00802694 55.406 102.355 0.10946603 5.280148e+13 2.8921e+12 6.496682e+23 46.568 1534.237549 4.402 162.428
4000 12035 X1.3 2014.04.24_00:27_TAI 3.699734e+22 76.789 0.00317375 3689.466 13.513 1733.588 33.589 0.01039741 32.857 83.531 -0.05750597 3.433339e+13 3.695145e+12 2.922863e+23 25.632 1410.516724 4.633 189.317
4071 12051 M1.8 2014.05.05_09:03_TAI 4.281129e+22 83.686 -0.00542484 7117.52 22.702 2676.917 42.738 -0.01202296 37.27 91.213 -0.23167101 4.545722e+13 8.725597e+12 5.515938e+23 31.048 1175.049316 4.57 316.561
4197 12085 M3.1 2014.06.11_22:16_TAI 7.753164e+22 92.68 0.00308389 9969.851 34.261 5121.67 51.516 0.00634874 45.373 98.381 -0.16185781 1.052712e+14 1.005254e+13 1.48699e+24 39.128 3039.433838 4.757 346.33
4294 12106 M1.4 2014.06.30_11:23_TAI 3.602393e+22 76.572 0.00153216 1831.877 3.839 1632.282 33.126 0.00497754 26.193 77.936 -0.0589234 3.286933e+13 2.249722e+12 1.327708e+23 21.2 535.735718 3.916 83.614
4698 12192 M4.0 2014.10.23_07:48_TAI 1.361912e+23 93.43 -0.00275257 19751.25 53.153 11078.554 60.1 -0.00507789 54.997 103.843 0.12284084 2.137009e+14 1.270545e+13 5.20726e+24 49.126 6830.160156 5.331 546.421
4781 12205 M2.0 2014.11.06_04:25_TAI 4.755801e+22 90.7 0.02568727 7232.147 19.835 4235.187 48.432 0.05631237 36.616 101.087 0.00079671 6.571977e+13 5.477407e+13 6.200353e+23 30.809 1334.581055 4.808 1658.139
4781 12205 X1.6 2014.11.06_17:26_TAI 4.710546e+22 92.174 0.02097155 6418.685 22.757 4016.138 47.83 0.05759615 38.426 99.792 0.01841382 7.198134e+13 5.229408e+13 6.253255e+23 33.076 1404.910034 4.815 1538.431
4817 12209 M3.7 2014.11.14_20:46_TAI 1.1078e+23 80.634 0.00236184 9019.263 21.376 5932.746 36.951 0.00501151 36.305 87.934 0.07281394 1.072198e+14 1.68314e+13 1.794373e+24 31.229 3399.685059 4.94 353.811
4941 12241 M1.1 2014.12.16_01:50_TAI 2.112068e+22 104.28 0.01318199 7653.133 33.314 1677.986 59.808 0.02929953 45.65 110.604 0.04811292 3.274463e+13 1.44486e+13 3.156743e+23 38.388 723.214417 4.614 409.42
4920 12242 M8.7 2014.12.16_04:51_TAI 6.006345e+22 109.359 0.00927974 9663.436 34.32 5413.452 61.238 0.02289035 47.119 114.424 0.5693655 1.085441e+14 3.606153e+13 1.230139e+24 38.911 4560.821289 5.001 889.491
4920 12242 X1.8 2014.12.19_00:24_TAI 9.793799e+22 104.32 0.00771009 8724.559 29.926 7527.092 54.694 0.01997054 42.605 109.584 0.19874957 1.525352e+14 5.6145e+13 1.767663e+24 36.428 4591.686523 5.169 1176.212
5026 12257 M5.6 2015.01.12_04:24_TAI 3.039078e+22 80.184 -0.00135032 8487.572 30.289 1978.587 47.322 -0.00293545 42.875 86.933 -0.07118814 3.551624e+13 6.009816e+12 4.894358e+23 36.895 830.961426 4.267 58.63
5298 12297 M5.8 2015.03.08_23:53_TAI 3.251404e+22 90.629 0.0192042 6998.3 22.925 2226.28 44.025 0.04480061 38.372 97.112 -0.17215258 4.002219e+13 3.873415e+13 4.39999e+23 32.988 940.077209 4.502 909.146
5298 12297 M5.1 2015.03.09_03:24_TAI 3.232448e+22 90.272 0.02065945 7287.256 24.492 2280.8 44.864 0.04989633 39.365 96.148 -0.09316363 4.116669e+13 3.947025e+13 4.676506e+23 34.058 957.782043 4.505 998.265
5298 12297 X2.2 2015.03.10_16:22_TAI 2.665935e+22 101.103 0.03828346 9854.149 33.951 3028.825 56.84 0.09529437 46.022 106.157 0.15815945 5.175048e+13 5.870709e+13 5.739193e+23 39.706 1218.618408 4.863 1678.883
5298 12297 M1.0 2015.03.16_23:34_TAI 3.59304e+22 89.515 0.01872587 7743.12 19.19 2750.498 41.75 0.04727825 35.426 94.062 0.09862386 4.490309e+13 3.144162e+13 5.651137e+23 29.951 1026.390137 4.482 1029.005
5692 12371 M3.0 2015.06.17_17:36_TAI 4.934381e+22 74.531 -0.00547031 11476.38 38.433 3126.947 45.86 -0.01007191 47.315 81.832 0.05587631 5.416072e+13 1.886082e+13 1.031276e+24 40.629 1509.345215 4.619 370.132
5692 12371 M2.0 2015.06.20_01:42_TAI 4.989108e+22 79.764 -0.01186295 17768.23 57.097 3774.024 55.205 -0.02062187 56.684 88.838 -0.00521457 7.284382e+13 3.218795e+13 1.691952e+24 50.666 1855.264648 4.933 850.598
5692 12371 M2.6 2015.06.20_02:36_TAI 5.012767e+22 79.442 -0.01105787 17702.28 57.464 3866.555 55.125 -0.01934268 56.835 88.759 -0.01320978 7.406341e+13 3.160948e+13 1.704056e+24 50.868 1849.319458 4.941 801.508
5692 12371 M6.5 2015.06.21_18:23_TAI 4.159746e+22 82.887 -0.01718576 20521.81 62.847 3377.469 59.945 -0.0290586 60.668 90.405 -0.1933084 6.507678e+13 3.686172e+13 1.654911e+24 53.971 1801.705322 4.753 1043.416
5692 12371 M7.9 2015.06.24_08:16_TAI 4.158725e+22 90.713 -0.00872044 13462.55 48.526 3049.16 54.437 -0.01752003 53.031 96.946 -0.1010584 6.240107e+13 1.6235e+13 1.147359e+24 46.591 1754.862671 4.776 559.582
